index RAJ2000 DEJ2000 dist_Mpc exptime Nvis LogProb contour
0 168.244461 72.879295 101.499327 1200.0 1.0 10.326369067450774 35.308253136853395
1 270.86438 -0.295221 111.080922 1200.0 1.0 9.881345025910115 68.55490398257557
2 270.864 -0.29536 112.594124 1200.0 1.0 9.699061170564011 68.55490398257557
3 170.420593 72.833481 190.005405 1200.0 1.0 9.04712609482197 37.5931414059868
4 168.135406 72.498749 104.475592 1200.0 1.0 8.997939369259651 39.92150914067606
5 169.827118 72.824066 100.071499 1200.0 1.0 8.889901908027785 37.33939618270732
6 163.314819 72.082314 148.694643 1200.0 1.0 8.887082156510495 62.64708763908844
7 169.77858 72.924095 156.29687 1200.0 1.0 8.81443487167581 36.39298262247786
8 169.857574 72.750992 143.446881 1200.0 1.0 8.685169384036149 37.33939618270732
9 193.875076 70.829254 128.338785 1200.0 1.0 8.648446514103098 75.26720908628437
10 162.753754 71.663506 142.077149 1200.0 1.0 8.623407506122225 81.82603856476022
11 169.977493 72.882462 97.68338 1200.0 1.0 8.586451333913772 36.39298262247786
12 170.64505 72.641792 167.449662 1200.0 1.0 8.582231069082713 38.35874604435429
13 267.278778 8.102863 100.36306 1200.0 1.0 8.564020016999194 88.18368821450758
14 172.070953 72.947861 150.452203 1200.0 1.0 8.534352167105359 38.629314253405326
15 181.355347 72.799789 101.073992 1200.0 1.0 8.498246184765998 55.58233207635409
16 163.814407 71.946754 148.646125 1200.0 1.0 8.47193510626338 64.47749586212943
17 168.500412 72.91153 106.792447 1200.0 1.0 8.426394652878809 35.28544699316888
18 167.037354 72.050453 147.871906 1200.0 1.0 8.41475436427013 68.72659668021505
19 170.358597 72.818718 133.583978 1200.0 1.0 8.376483755337684 37.33939618270732
20 172.237473 73.034821 95.573764 1200.0 1.0 8.24527054701914 43.42412800702897
21 173.924347 73.451721 193.276404 1200.0 1.0 8.218031220112666 52.61076343224899
22 166.052887 72.929359 163.783287 1200.0 1.0 8.158380216950981 31.79554043278989
23 174.442719 72.760735 202.18971 1200.0 1.0 8.0125261483554 42.37530520164386
24 174.862 72.26992 125.238263 1200.0 1.0 8.008808124226151 58.3998931032498
25 270.786896 -0.303287 172.451831 1200.0 1.0 7.985481619704445 68.55490398257557
26 173.266937 72.110847 202.442298 1200.0 1.0 7.9797212621487095 69.67845471571368
27 166.697891 72.568527 44.187868 1200.0 1.0 7.959723052291014 37.944434921982605
28 170.483505 72.37294 192.045352 1200.0 1.0 7.933382201161783 49.86867699912095
29 270.416534 1.90765 100.650514 1200.0 1.0 7.885547095638767 71.90501805023283
30 267.517914 7.285121 96.620011 1200.0 1.0 7.874847334030214 85.11622317802201
31 269.284149 1.765376 114.154823 1200.0 1.0 7.872926677719896 85.82672811737095
32 271.076721 -0.492606 104.134249 1200.0 1.0 7.853188534459932 65.94530895699249
33 272.541412 -0.172123 98.821751 1200.0 1.0 7.852649348255855 88.9830971320286
34 170.059662 72.851936 173.005607 1200.0 1.0 7.835372598638383 37.33939618270732
35 269.422913 3.087836 115.24643 1200.0 1.0 7.832932140808616 73.51354741955547
36 172.325073 73.019852 165.858522 1200.0 1.0 7.776750271968868 43.42412800702897
37 272.370361 -0.643296 108.096706 1200.0 1.0 7.737418485140876 78.89147248913604
38 168.269699 72.988167 212.5104 1200.0 1.0 7.7203980482193915 33.92584525340402
39 164.832993 71.844536 135.234501 1200.0 1.0 7.711822398834999 84.11201775647335
40 172.628601 73.208122 214.552806 1200.0 1.0 7.700241539968269 43.42412800702897
41 172.851959 72.212029 178.264896 1200.0 1.0 7.679674101709027 59.33201614338487
42 273.023407 -1.575658 197.356186 1200.0 1.0 7.675285861740509 78.35708240327625
43 170.53598 73.301277 190.405484 1200.0 1.0 7.662526669568052 46.422041048319414
44 170.836685 72.686119 134.959828 1200.0 1.0 7.634559850130583 38.35874604435429
45 268.909485 3.657178 129.153037 1200.0 1.0 7.623609138059702 75.8127233460219
46 270.675659 -0.345605 108.092849 1200.0 1.0 7.608139034791823 75.41345300643938
47 266.978729 6.9569 112.962424 1200.0 1.0 7.607507741227894 83.62586736318129
48 171.736755 72.882652 180.517773 1200.0 1.0 7.601375230031631 38.629314253405326
49 190.237152 71.771057 105.767322 1200.0 1.0 7.568444573141436 64.48421054651094
50 167.897949 72.071724 210.35447 1200.0 1.0 7.568114746520919 69.62443031663152
51 164.569321 72.320984 136.809289 1200.0 1.0 7.5480486785847845 43.183651293913385
52 271.593872 -0.602606 205.497982 1200.0 1.0 7.511873282026823 61.633239522806704
53 266.807281 7.826583 105.093965 1200.0 1.0 7.509044277385524 85.33949058574511
54 194.326477 70.203438 128.518599 1200.0 1.0 7.4975311800699 87.0235971881355
55 167.892212 71.523331 193.16019 1200.0 1.0 7.477023576011033 85.95273002575611
56 163.042831 71.580238 166.517077 1200.0 1.0 7.466280185803479 81.82229562468923
57 195.123444 70.198662 128.483766 1200.0 1.0 7.4611676810654055 82.32678361130478
58 170.068237 72.797218 112.608942 1200.0 1.0 7.43720555551374 37.33939618270732
59 271.182281 -1.641741 176.875164 1200.0 1.0 7.422324739784877 84.21683917819776
60 267.032379 6.849984 108.861387 1200.0 1.0 7.364628863990969 83.62586736318129
61 188.805 72.2322 102.206973 1200.0 1.0 7.362044421796783 66.94865730934792
62 269.445435 4.617829 120.859083 1200.0 1.0 7.357566856051621 82.18313448553648
63 198.079224 70.649353 130.046446 1200.0 1.0 7.3420821314097715 76.07799507090095
64 271.825104 -1.365754 139.17491 1200.0 1.0 7.298630667853607 60.083615464555216
65 194.545135 71.420158 106.985142 1200.0 1.0 7.28622213068715 74.43532774928156
66 173.745728 73.512749 189.286402 1200.0 1.0 7.284963316337595 60.88940471659807
67 269.529694 3.666157 155.679463 1200.0 1.0 7.273888858706471 76.26717250734862
68 166.633743 72.277893 189.689322 1200.0 1.0 7.273275778457857 57.01160388223906
69 167.591537 72.244507 145.142519 1200.0 1.0 7.271892766705072 57.9082138931759
70 271.750916 -1.268264 120.321015 1200.0 1.0 7.252435300005592 60.083615464555216
71 196.671066 69.959618 110.145374 1200.0 1.0 7.23669202684562 86.76683656996215
72 269.217834 1.760753 177.08282 1200.0 1.0 7.228061212096273 89.98411494863682
73 269.524292 1.322825 184.629088 1200.0 1.0 7.181293529484721 80.48499496340439
74 268.326 6.56876 161.020873 1200.0 1.0 7.146678790003486 87.82679651063741
75 166.436508 71.547142 188.259884 1200.0 1.0 7.090659832076108 85.30149462273118
76 269.789154 1.776706 235.895213 1200.0 1.0 7.089353429419269 72.76077316543707
77 166.485443 72.524811 87.952373 1200.0 1.0 7.0565792694456775 37.944434921982605
78 272.333588 -0.671943 116.14199 1200.0 1.0 7.0344518700132435 78.89147248913604
79 267.699341 6.042222 84.745476 1200.0 1.0 7.022572660816378 82.142475434981
80 267.661285 5.428801 161.058255 1200.0 1.0 7.021558611375672 84.99052808212394
81 176.088074 73.509453 127.70639 1200.0 1.0 7.016646455916973 69.14123810240534
82 175.422897 71.563545 210.13533 1200.0 1.0 7.0143630339815655 83.02346052855158
83 169.817581 73.119354 177.631336 1200.0 1.0 7.012983975608338 38.68329120019441
84 270.571075 -0.270005 218.692203 1200.0 1.0 7.001285669079294 77.381310173467
85 269.935028 3.963383 129.942431 1200.0 1.0 6.9928866530232945 87.92480463214534
86 167.624786 72.596481 136.783564 1200.0 1.0 6.981392642720512 38.909369168464266
87 191.401688 71.318733 82.421192 1200.0 1.0 6.977128884959676 66.30143890436406
88 270.356689 -0.484574 106.164636 1200.0 1.0 6.967644947784324 86.23819553751049
89 178.360077 73.084366 182.115379 1200.0 1.0 6.962554974064107 58.23132220047216
90 269.538055 3.734766 117.962444 1200.0 1.0 6.936364096617316 78.69786854818794
91 163.275131 72.077568 238.715053 1200.0 1.0 6.910905131955778 62.64708763908844
92 171.04158 72.929382 224.843963 1200.0 1.0 6.896509203947741 37.5931414059868
93 270.546051 0.436755 222.008601 1200.0 1.0 6.875567644263064 66.5267600248976
94 167.604889 72.285629 133.043995 1200.0 1.0 6.874273267616087 57.9082138931759
95 269.788086 3.191707 104.283311 1200.0 1.0 6.8728537094115065 79.7801023308109
96 266.840424 7.328256 133.170557 1200.0 1.0 6.872508563226822 85.631428008166
97 270.003 3.5144 98.071644 1200.0 1.0 6.870185541252653 79.79211398358859
98 174.05885790000002 72.42067779999999 171.647268 1200.0 1.0 6.851734720748648 50.673276702576494
99 270.003326 3.514859 117.541284 1200.0 1.0 6.831073638730062 79.79211398358859
100 273.323273 -1.218585 58.546253 1200.0 1.0 6.828855611059597 88.4694365331499
101 267.457001 7.445877 97.850752 1200.0 1.0 6.817860070269627 84.8737796423256
102 167.0748372 72.6997582 141.096674 1200.0 1.0 6.795727838889136 33.99567711762256
103 186.59584 71.56414 167.68809 1200.0 1.0 6.786539153366538 70.97616789200988
104 270.628601 -0.256665 159.936773 1200.0 1.0 6.771932766846419 77.381310173467
105 271.639709 -0.841581 144.0741 1200.0 1.0 6.754627043580446 60.685569732402996
106 268.553955 6.062618 149.252937 1200.0 1.0 6.746471777724937 89.61237793974882
107 169.5749524 72.7583422 193.55859 1200.0 1.0 6.707045943068896 37.33939618270732
108 272.509857 -0.725186 67.18341 1200.0 1.0 6.7028233669670465 78.89557782489733
109 269.427582 3.749779 111.895589 1200.0 1.0 6.670665098153766 75.98012553670192
110 268.325836 6.568645 159.904449 1200.0 1.0 6.661980442798251 87.82679651063741
111 272.004852 -1.250208 94.955466 1200.0 1.0 6.6490627104403455 59.883834396897726
112 270.182404 1.674683 103.060809 1200.0 1.0 6.610085455937814 69.69045679865111
113 192.280175 71.81161540000001 127.83603 1200.0 1.0 6.603859745458065 72.39977962470603
114 267.332214 6.748705 184.893378 1200.0 1.0 6.601221708532331 83.63624749724927
115 171.102692 72.808945 196.88034 1200.0 1.0 6.5702769210149565 38.35874604435429
116 268.064423 5.446186 154.322296 1200.0 1.0 6.567243725034644 78.60629214891682
117 195.131668 70.251999 168.915167 1200.0 1.0 6.5528563919440455 82.32678361130478
118 163.095428 72.081177 233.973663 1200.0 1.0 6.54405066620524 62.64708763908844
119 267.489136 6.413098 121.052122 1200.0 1.0 6.529691013387575 82.17205357119677
120 267.032 6.84997 110.268225 1200.0 1.0 6.5246026155711165 83.62586736318129
121 269.757202 1.769497 222.458484 1200.0 1.0 6.519660302271964 72.76077316543707
122 176.03168390000002 72.5733688 188.932106 1200.0 1.0 6.493783533686561 45.40237372090325
123 270.714569 -0.455044 127.059547 1200.0 1.0 6.477887972392523 75.41345300643938
124 167.804169 71.454239 180.381312 1200.0 1.0 6.476799147794599 85.95273002575611
125 267.457 7.44586 101.694596 1200.0 1.0 6.473217789967725 84.8737796423256
126 269.340607 2.962295 232.57726 1200.0 1.0 6.467147469811293 73.51354741955547
127 268.03537 3.474243 172.552629 1200.0 1.0 6.466618559018713 87.06118872288695
128 267.380341 7.590096 103.827951 1200.0 1.0 6.466018906863205 84.8737796423256
129 167.396393 71.834579 198.328596 1200.0 1.0 6.466011234888619 77.85727302547689
130 171.826477 71.645897 132.119884 1200.0 1.0 6.443544659495899 85.50624079240788
131 168.06102 71.477982 137.362135 1200.0 1.0 6.4345810523994125 85.95273002575611
132 171.497787 72.80426 201.966825 1200.0 1.0 6.397466912858103 38.629314253405326
133 177.430405 73.769188 168.529849 1200.0 1.0 6.386502665281391 84.17294359656249
134 175.780991 73.820015 232.999826 1200.0 1.0 6.370225868473026 74.8646349445404
135 269.728424 0.652564 143.296482 1200.0 1.0 6.364550555033458 88.29010119403729
136 271.61322 -0.15538 237.178416 1200.0 1.0 6.361945295705685 70.07829738831806
137 174.138168 73.469658 245.140799 1200.0 1.0 6.352648417531491 63.41022165846483
138 267.674133 7.223882 121.050119 1200.0 1.0 6.349110294013427 85.11943723512728
139 169.499481 72.926491 208.222991 1200.0 1.0 6.336326472316638 36.39298262247786
140 269.24704 2.095948 161.722172 1200.0 1.0 6.318732198802106 83.1236678606952
141 268.554 6.06272 150.970716 1200.0 1.0 6.305488641297753 89.61237793974882
142 169.1351008 73.3965022 119.925762 1200.0 1.0 6.300774522796447 53.61468343899149
143 172.447372 72.545677 245.839012 1200.0 1.0 6.2955502087881055 43.8625003119667
144 272.873474 -0.803705 170.326426 1200.0 1.0 6.272324738072625 84.4549646255354
145 271.182556 -2.137574 232.734507 1200.0 1.0 6.263761274683138 83.787969550936
146 198.556152 69.433014 171.036953 1200.0 1.0 6.2497358282820965 89.84380094468887
147 267.637909 5.671859 184.869755 1200.0 1.0 6.24952270786949 79.48619887439091
148 269.640564 0.366986 146.822734 1200.0 1.0 6.222232800186384 88.28745069505194
149 272.497009 -0.467967 213.331987 1200.0 1.0 6.22097563182842 78.88736715337474
150 273.616486 -2.418131 30.673197 1200.0 1.0 6.211428746529171 87.71709685764006
151 169.371384 73.100983 197.581984 1200.0 1.0 6.207051013346105 38.68329120019441
152 267.714722 4.939365 211.734583 1200.0 1.0 6.2070036529520785 81.37316418123163
153 162.839233 71.710815 170.171204 1200.0 1.0 6.203395032282294 81.82603856476022
154 271.90271 -0.24599 261.695313 1200.0 1.0 6.189847541772416 72.08563689135224
155 194.81015 70.285355 162.030284 1200.0 1.0 6.169748807744952 80.60225881250258
156 182.9462367 72.29982700000001 183.540208 1200.0 1.0 6.166597594736319 55.20783914853459
157 172.532196 72.896729 230.524851 1200.0 1.0 6.165965431497571 40.15353684501803
158 193.4887782 70.7960802 150.045898 1200.0 1.0 6.15615751195077 73.20472563622525
159 267.210999 4.785666 173.586351 1200.0 1.0 6.1416598117869485 89.1440111181595
160 267.430054 5.786914 109.959624 1200.0 1.0 6.12734255316765 82.13877144144851
161 174.98169309999997 72.25738620000001 125.621289 1200.0 1.0 6.108975968617926 58.3998931032498
162 267.036926 7.91304 173.500422 1200.0 1.0 6.097542795579515 88.18101310690255
163 265.893463 9.202383 166.035275 1200.0 1.0 6.0838093017294606 89.33852853628115
164 269.741943 2.539225 194.246901 1200.0 1.0 6.069226579065281 72.5057683412024
165 272.655273 -0.067269 159.870485 1200.0 1.0 6.058199070478581 88.98810997165045
166 170.65597350000002 72.3776565 181.378683 1200.0 1.0 6.055143295639234 50.15615599303912
167 164.981339 72.152916 231.390989 1200.0 1.0 6.054548657731865 66.12042356928312
168 174.980637 72.257576 132.774271 1200.0 1.0 6.050080328955186 58.3998931032498
169 186.381989 72.195213 92.694658 1200.0 1.0 6.03931130380125 58.560321353688515
170 271.977875 0.208662 174.87814 1200.0 1.0 6.034147839028216 85.28879428542155
171 168.194565 72.097366 253.264746 1200.0 1.0 6.032038111732911 58.70508313477243
172 173.365219 72.235207 245.939451 1200.0 1.0 6.022784726862119 59.33201614338487
173 162.472702 71.97126 243.964666 1200.0 1.0 6.011503929026415 73.03561352601548
174 272.001221 -1.215209 112.975469 1200.0 1.0 6.010453801953031 59.883834396897726
175 189.536957 71.417442 162.32425 1200.0 1.0 5.987534891475488 66.44963587628185
176 165.835144 71.88726 167.296798 1200.0 1.0 5.987099729738859 77.15650104735712
177 200.067657 70.728142 122.360993 1200.0 1.0 5.969370418995252 83.5599583484624
178 267.288849 6.715088 141.562974 1200.0 1.0 5.962656175475359 83.63624749724927
179 168.132065 72.964035 271.701161 1200.0 1.0 5.962206126352469 33.92584525340402
180 270.573212 1.023148 206.988801 1200.0 1.0 5.946897729303191 67.52363557224123
181 170.7829511 71.926662 169.86264 1200.0 1.0 5.935725824609516 86.00161021047286
182 171.173538 72.760391 224.035942 1200.0 1.0 5.911848681941364 38.35874604435429
183 269.379547 2.261461 157.827888 1200.0 1.0 5.909241366551806 77.54896830921147
184 269.448242 3.118106 149.268925 1200.0 1.0 5.895017915266709 74.05274130995667
185 170.993713 72.851089 271.975748 1200.0 1.0 5.8904816610001856 38.35874604435429
186 271.022552 0.74413 213.225571 1200.0 1.0 5.887194897141911 68.54875961490617
187 268.548737 3.292537 180.333033 1200.0 1.0 5.883480374399371 82.38187568044802
188 198.155731 71.191292 157.3084 1200.0 1.0 5.855591905219904 84.70668748996256
189 163.378067 72.05928 205.771435 1200.0 1.0 5.850577689647389 62.64708763908844
190 269.483795 2.555613 238.018234 1200.0 1.0 5.845508616441826 73.42712227901661
191 269.183655 1.947699 81.577364 1200.0 1.0 5.844702513382205 79.95595740512834
192 177.5837614 72.7352477 230.24321 1200.0 1.0 5.8197173288431205 46.82169446061499
193 174.53655690000002 73.9848047 174.72353 1200.0 1.0 5.814642497851761 79.63144272348916
194 270.103638 2.676876 219.312427 1200.0 1.0 5.811828294524732 76.7592429374357
195 268.68512 3.842139 236.949409 1200.0 1.0 5.808188570549747 76.56942583711233
196 178.05710390000002 73.2935778 131.18751799999998 1200.0 1.0 5.806015794437033 66.16572280245713
197 267.913452 4.816576 107.686037 1200.0 1.0 5.799219850316244 81.37696599353123
198 169.824654 73.0320427 209.227138 1200.0 1.0 5.798238044079381 36.39298262247786
199 169.13446 73.396439 207.190473 1200.0 1.0 5.79267836952481 53.61468343899149
200 170.601902 72.181977 214.043111 1200.0 1.0 5.788750136531643 59.549181063492775
201 168.2082612 72.5866667 228.742435 1200.0 1.0 5.787465949971873 39.92150914067606
202 175.254288 73.066589 209.969543 1200.0 1.0 5.7865252621656085 50.2814063967014
203 271.112122 -1.116212 246.805257 1200.0 1.0 5.778467180745918 73.79269495117757
204 268.286713 4.746481 192.297926 1200.0 1.0 5.777984070899229 77.57599614844082
205 270.240814 -0.123296 123.679747 1200.0 1.0 5.764727534254096 79.03090314399078
206 269.444275 2.892274 70.363545 1200.0 1.0 5.701523245502013 73.51354741955547
207 176.265747 72.180084 226.165245 1200.0 1.0 5.692304019558469 66.96772938041826
208 268.406342 4.943824 139.664534 1200.0 1.0 5.683064505783217 77.99802012382693
209 174.583023 73.524254 225.709305 1200.0 1.0 5.680157371039778 63.41022165846483
210 177.877585 73.44094759999999 174.72993200000002 1200.0 1.0 5.676759514831093 62.814761839701774
211 268.089203 6.871375 132.011634 1200.0 1.0 5.664523597258411 86.19287056104218
212 166.1151198 72.86804090000001 175.149011 1200.0 1.0 5.663071908181389 31.79554043278989
213 166.728729 71.640236 217.80132 1200.0 1.0 5.6569786952278065 85.29832113290115
214 207.273148 68.812843 142.945319 1200.0 1.0 5.64108423934175 86.88697085134358
215 267.333862 7.095649 162.212077 1200.0 1.0 5.640258058191766 85.12265129223255
216 176.520035 72.108879 232.81075 1200.0 1.0 5.627436778300114 57.24705791605853
217 270.480255 -0.441837 145.79051 1200.0 1.0 5.62196739815641 86.23819553751049
218 171.680023 72.758774 249.087972 1200.0 1.0 5.606700234778513 39.19879366712581
219 168.0136956 73.0680545 174.56351999999998 1200.0 1.0 5.598512336069198 33.92584525340402
220 166.46875759999998 72.92405759999998 106.55855 1200.0 1.0 5.592049643268721 32.89320658728224
221 173.984632 73.2131554 156.495481 1200.0 1.0 5.57147683284971 45.71200220402373
222 269.652679 1.178095 198.241656 1200.0 1.0 5.561964612752125 80.47715225864472
223 165.838547 71.469208 194.874886 1200.0 1.0 5.555381879222354 85.30149462273118
224 178.536377 72.947021 250.548333 1200.0 1.0 5.552015773363302 52.24928963294943
225 186.596329 71.495804 238.705506 1200.0 1.0 5.551455397300405 70.97616789200988
226 198.870346 69.71167 173.013503 1200.0 1.0 5.546614999463704 82.48812338221279
227 269.850403 0.967544 256.33336 1200.0 1.0 5.5456625467344125 79.53871129849384
228 192.800003 71.636787 34.590491 1200.0 1.0 5.532409437269955 72.02927109898805
229 176.696075 72.543053 259.361381 1200.0 1.0 5.512415655272058 45.971995466217116
230 273.32132 -1.35553 72.616353 1200.0 1.0 5.487861032786312 88.46681318178898
231 194.41098 70.275139 122.589877 1200.0 1.0 5.459722944167758 87.0235971881355
232 271.480225 -0.312201 270.646364 1200.0 1.0 5.449087424727938 64.0183045801549
233 175.469452 71.574379 264.886494 1200.0 1.0 5.444720867408332 83.02346052855158
234 163.6093863 72.0815997 239.440653 1200.0 1.0 5.444587986859723 52.60218844828775
235 170.444229 72.804878 265.881909 1200.0 1.0 5.443584538293323 37.5931414059868
236 174.9788748 73.6614247 146.864976 1200.0 1.0 5.417131015918602 74.8646349445404
237 269.114105 3.54492 260.945986 1200.0 1.0 5.413907619791351 74.9977973639069
238 268.295624 4.805925 171.447158 1200.0 1.0 5.409155206806322 77.57599614844082
239 187.4308764 72.222033 119.547057 1200.0 1.0 5.406404265894383 63.32759944107491
240 269.102631 1.601341 260.576183 1200.0 1.0 5.382832617931697 85.82981281621612
241 173.7784789 73.0217827 100.267534 1200.0 1.0 5.382433011387263 41.51652032938881
242 208.690643 68.79631 165.378396 1200.0 1.0 5.379035305456514 89.36492760857632
243 269.38 2.26147 116.323711 1200.0 1.0 5.37625330478137 77.54896830921147
244 174.103546 73.781082 232.848539 1200.0 1.0 5.375003501307287 79.63144272348916
245 271.622589 0.565969 207.531613 1200.0 1.0 5.372175251666658 80.73470639136193
246 169.07450759999998 72.8480145 141.275306 1200.0 1.0 5.338277770186281 36.29202356722745
247 266.921448 6.508006 137.283603 1200.0 1.0 5.331598498100177 88.11935757359092
248 170.3699169 72.8082302 241.408151 1200.0 1.0 5.326435621877367 37.33939618270732
249 178.5798136 72.7920177 161.345526 1200.0 1.0 5.324295237267767 48.44785399201319
250 197.7938629 70.39653829999999 168.779055 1200.0 1.0 5.299678742201638 76.52649440446096
251 172.1401247 73.6924193 214.804436 1200.0 1.0 5.292078853191263 68.53646757424335
252 189.6461615 71.2133171 87.112972 1200.0 1.0 5.290551986650438 71.58677706995951
253 181.389 72.6559 90.711568 1200.0 1.0 5.283683235118605 52.45616548635984
254 180.5279869 73.73524870000001 160.401002 1200.0 1.0 5.276182604424884 79.53063605929646
255 167.3495491 71.8733829 180.27821 1200.0 1.0 5.272105923267071 69.62443031663152
256 175.6671235 72.6021441 230.814667 1200.0 1.0 5.263502275276791 45.40237372090325
257 271.966492 -0.968754 280.000845 1200.0 1.0 5.2565109517503545 62.563000269167844
258 190.7035945 71.8977594 192.124931 1200.0 1.0 5.208664147281269 69.54028070792009
259 198.325745 70.10611 182.954809 1200.0 1.0 5.20856131033031 82.4917779558173
260 268.492859 3.316333 188.594945 1200.0 1.0 5.18485699762685 82.38187568044802
261 270.559723 0.014813 259.500607 1200.0 1.0 5.181560840263769 74.22627953362748
262 269.400726 3.327566 277.669633 1200.0 1.0 5.1771141903453195 74.52375116502272
263 178.7545152 72.9132396 101.358038 1200.0 1.0 5.1602956307816985 52.24928963294943
264 269.854034 0.857823 282.261072 1200.0 1.0 5.132187257691268 79.53871129849384
265 272.717377 -0.705858 261.23417 1200.0 1.0 5.130528945742738 84.4549646255354
266 176.152969 73.890587 230.176546 1200.0 1.0 5.120562253877461 84.16956372189371
267 183.675735 72.33551 258.314963 1200.0 1.0 5.105194775481471 54.649334160909255
268 272.096863 -1.016809 84.24705 1200.0 1.0 5.102400659049145 63.72539979865503
269 187.1618094 72.2134955 147.932004 1200.0 1.0 5.096543768764503 60.66367421894343
270 267.748901 7.122231 67.413103 1200.0 1.0 5.096490352556802 85.11943723512728
271 270.876038 -0.200775 287.042063 1200.0 1.0 5.088272376636455 68.55490398257557
272 267.651825 5.54269 218.038964 1200.0 1.0 5.081795029194826 84.99699510983658
273 167.3210937 72.9965855 200.547646 1200.0 1.0 5.080356910324243 32.89320658728224
274 270.969788 0.770237 303.258243 1200.0 1.0 5.071164557271626 68.54875961490617
275 173.771591 73.524452 268.812032 1200.0 1.0 5.0463266000439715 60.88940471659807
276 172.2330331 72.5142859 240.567541 1200.0 1.0 5.043579070840937 50.58439304902489
277 200.725 70.51462 53.37158 1200.0 1.0 5.029629671543971 83.15218698240098
278 195.3928961 70.7353665 118.565909 1200.0 1.0 5.024494112763431 72.74419647893092
279 173.7143697 73.412124 205.6554 1200.0 1.0 5.018357478169311 52.61076343224899
280 175.5417615 72.2841873 139.452978 1200.0 1.0 5.011542301336853 50.41524171868592
281 269.692566 0.580032 265.973289 1200.0 1.0 5.0110137425715555 88.29010119403729
282 181.2715418 72.5023402 225.979361 1200.0 1.0 4.98639502408896 52.22337167383976
283 165.5454747 72.07062359999999 120.779822 1200.0 1.0 4.976656555309342 67.54875091487914
284 268.286713 6.26503 209.565813 1200.0 1.0 4.974379332226859 89.617093442563
285 167.1019372 72.031368 111.995436 1200.0 1.0 4.963465361699869 68.72659668021505
286 170.1504067 72.738485 167.004684 1200.0 1.0 4.9476956466035915 37.33939618270732
287 172.739502 71.738007 216.708458 1200.0 1.0 4.943399200446021 85.5125136063302
288 267.747378 7.2401466 136.82229099999998 1200.0 1.0 4.938622309382224 85.11943723512728
289 271.522766 -0.822061 260.321665 1200.0 1.0 4.936424474491876 60.685569732402996
290 174.08022869999996 73.698838 160.101474 1200.0 1.0 4.931924244321962 79.63547242592317
291 207.069611 68.085014 47.390911 1200.0 1.0 4.9140580070108 88.25296852495332
292 268.811615 3.752628 255.196709 1200.0 1.0 4.898904405091662 75.8127233460219
293 199.667114 70.703957 193.475968 1200.0 1.0 4.894505571674605 78.21541084373948
294 166.985168 72.094917 272.539437 1200.0 1.0 4.889885967740301 68.72659668021505
295 270.758453 0.633676 270.444109 1200.0 1.0 4.873761763933324 65.30371310601438
296 190.898984 71.77768809999999 174.628862 1200.0 1.0 4.873346074748288 66.5524533717551
297 184.5795678 72.529235 191.401616 1200.0 1.0 4.872949067933678 59.37702488384604
298 175.2850668 72.5138741 221.812307 1200.0 1.0 4.868760281422647 45.40237372090325
299 183.671234 72.320229 252.085944 1200.0 1.0 4.8685248859242085 54.649334160909255
300 190.50593 71.9067798 166.027127 1200.0 1.0 4.865166613882547 65.84771673004171
301 170.6959561 72.8413124 232.491483 1200.0 1.0 4.861079790727313 37.5931414059868
302 200.8436525 70.173038 138.885967 1200.0 1.0 4.859297110027409 78.67712748953574
303 164.108963 71.479187 273.739374 1200.0 1.0 4.840193979893207 84.10183508337323
304 190.9685445 70.8953709 128.400432 1200.0 1.0 4.839103492557951 77.22106635532788
305 164.80847 71.8837821 201.343164 1200.0 1.0 4.833407467231137 84.11201775647335
306 269.371307 3.604518 214.692039 1200.0 1.0 4.813886623759294 76.26717250734862
307 165.5579072 72.71580259999999 227.569245 1200.0 1.0 4.785776091621109 36.639122321181226
308 266.134644 8.527014 213.007626 1200.0 1.0 4.7688510839572436 88.64908488498679
309 169.8295005 72.7051849 177.385503 1200.0 1.0 4.755263468885843 37.33939618270732
310 196.7873959 71.2633793 145.676261 1200.0 1.0 4.753455099960494 76.44994929456838
311 268.338135 5.993091 241.518024 1200.0 1.0 4.738538518647112 82.67732643620616
312 164.145172 72.184212 296.389848 1200.0 1.0 4.738366588601647 52.60218844828775
313 271.711914 -0.69796 310.397259 1200.0 1.0 4.729688760474817 61.94073839029174
314 268.559998 2.8517 215.568752 1200.0 1.0 4.713351125728572 88.37205976785773
315 191.5574362 71.96032190000001 143.992108 1200.0 1.0 4.708804905777256 73.37299042902383
316 170.8240767 73.19383540000001 174.974146 1200.0 1.0 4.70622098484697 40.24819307438246
317 185.2412728 72.35180159999999 171.99756399999998 1200.0 1.0 4.691268896486646 58.4763503138508
318 197.527083 70.5438311 150.273898 1200.0 1.0 4.684075785114963 75.57400976633045
319 268.247772 3.490039 70.99507 1200.0 1.0 4.674278934453994 87.05829944287305
320 269.451202 1.244494 259.025343 1200.0 1.0 4.66745678141576 80.47323090626489
321 170.5288653 72.6479066 179.957314 1200.0 1.0 4.652649484505176 38.35874604435429
322 271.430847 -0.990541 304.696623 1200.0 1.0 4.649863558145553 64.20124044273749
323 190.252899 71.81134 74.224853 1200.0 1.0 4.632164205765843 65.84771673004171
324 171.5461441 73.33215909999998 170.503374 1200.0 1.0 4.625032829658085 48.3279663853055
325 199.4502411 70.7050597 142.474467 1200.0 1.0 4.619228351162858 78.21541084373948
326 269.424072 0.615614 284.981947 1200.0 1.0 4.609476926138619 88.29275169302264
327 180.4017544 73.051889 139.42976000000002 1200.0 1.0 4.608111646984925 64.47077913741252
328 190.16142040000005 72.0781921 78.96838699999999 1200.0 1.0 4.605861992351029 69.54028070792009
329 162.78392769999996 71.6339504 240.276231 1200.0 1.0 4.60549724596465 81.82603856476022
330 168.0163186 72.3285418 245.681194 1200.0 1.0 4.5898430507481764 48.45706835257319
331 270.702423 -0.88699 272.534619 1200.0 1.0 4.575179902633399 80.5006669934425
332 198.6440512 71.07603590000001 145.559354 1200.0 1.0 4.563726174719227 84.70010136459872
333 201.4846177 70.4748964 173.817239 1200.0 1.0 4.560368118224281 83.15574465105595
334 270.140808 0.785223 273.522489 1200.0 1.0 4.550621380198035 72.82148188950806
335 270.642548 -0.887497 83.754757 1200.0 1.0 4.528510196018949 80.50458419593897
336 170.5690766 72.19665959999999 252.94364700000003 1200.0 1.0 4.527934324801288 59.549181063492775
337 198.225693 69.362099 211.249994 1200.0 1.0 4.523352109100522 89.84611688255904
338 270.068 4.0988 97.463609 1200.0 1.0 4.515157113865255 87.92480463214534
339 171.871521 72.602844 258.98694 1200.0 1.0 4.49704172764487 43.11335370524793
340 193.887802 70.800644 243.716103 1200.0 1.0 4.496434639566985 75.26720908628437
341 271.104523 -0.652324 325.170454 1200.0 1.0 4.489131852047168 69.66044940081485
342 207.60495 68.554764 184.178576 1200.0 1.0 4.483421827093882 86.88988995857767
343 171.7669739 73.52839770000001 169.31948899999998 1200.0 1.0 4.482475197320955 56.72742837753714
344 273.875549 -2.896707 29.614701 1200.0 1.0 4.4705280672194245 79.14941676947846
345 190.879227 70.703339 244.810869 1200.0 1.0 4.459706313245576 86.53833699645313
346 203.274429 68.860359 90.60591 1200.0 1.0 4.454955405793981 85.84831343332797
347 195.5426188 71.1732366 85.850348 1200.0 1.0 4.442215994150688 74.18435210473625
348 269.385162 3.349792 269.654458 1200.0 1.0 4.423436860198886 74.52375116502272
349 268.947876 3.208288 240.500677 1200.0 1.0 4.417077407435777 77.3173915884547
350 270.99646 0.655795 300.252067 1200.0 1.0 4.415662318771129 68.54875961490617
351 168.653228 71.534605 232.339011 1200.0 1.0 4.413879113646107 85.94966675727626
352 191.8013785 71.8532853 182.587341 1200.0 1.0 4.413764920241941 73.37299042902383
353 173.8614892 72.07086899999999 224.391471 1200.0 1.0 4.408941946012105 68.98922821725631
354 191.8287645 72.2143157 95.951871 1200.0 1.0 4.389432623953539 77.207249794711
355 174.06714069999998 73.66552809999999 166.812409 1200.0 1.0 4.386296092021704 79.63547242592317
356 271.572784 -0.777887 327.189228 1200.0 1.0 4.385654757146977 60.685569732402996
357 271.119568 -0.67871 339.162476 1200.0 1.0 4.372497607295336 69.66044940081485
358 268.1872916 5.321837599999999 131.07592 1200.0 1.0 4.372164198256595 78.30147277113005
359 179.363 71.8152 65.239712 1200.0 1.0 4.362125301505717 70.87739673986783
360 175.0143111 72.2688035 216.195776 1200.0 1.0 4.353027942694992 58.3998931032498
361 175.7205286 73.52276009999999 204.984793 1200.0 1.0 4.347412081778779 65.85422781205624
362 166.1970625 72.18764370000001 186.660976 1200.0 1.0 4.341819069723137 57.01160388223906
363 190.161774 70.865463 226.785451 1200.0 1.0 4.3403382892217515 79.37291698899435
364 162.5436632 71.87038840000001 207.093912 1200.0 1.0 4.340009977621818 73.03561352601548
365 271.32312 -1.315501 50.921387 1200.0 1.0 4.337599802860177 67.76789617987303
366 166.6868525 72.5933441 274.100878 1200.0 1.0 4.335098506427572 37.944434921982605
367 268.473053 3.668553 263.660633 1200.0 1.0 4.333872971274566 87.05541016285913
368 269.446808 2.994495 265.583737 1200.0 1.0 4.331030150801636 73.51354741955547
369 168.3220571 71.9161336 169.968779 1200.0 1.0 4.329717434100639 70.19099026470651
370 271.465271 0.668608 272.611712 1200.0 1.0 4.312534643656965 75.68878170948304
371 187.146171 71.4913061 224.796989 1200.0 1.0 4.2998238178184245 69.15338185714268
372 171.7129859 72.8221806 232.196076 1200.0 1.0 4.295676612367934 39.19879366712581
373 269.760284 1.817273 304.385575 1200.0 1.0 4.290645154096904 72.76077316543707
374 268.0487102 4.3048522 134.414355 1200.0 1.0 4.280151998041193 81.62696758976472
375 268.259369 4.059207 251.587705 1200.0 1.0 4.274132731023869 81.63073885291972
376 194.116272 71.135124 245.69075 1200.0 1.0 4.270425161709027 71.50661776179199
377 200.7080611 70.4145854 163.375004 1200.0 1.0 4.250615004972628 78.47183097883936
378 201.8077307 71.03156259999999 92.332035 1200.0 1.0 4.245566302161618 89.7273517728919
379 201.917191 70.532661 221.718543 1200.0 1.0 4.2445202480969435 83.15574465105595
380 192.0969039 71.1119639 192.254234 1200.0 1.0 4.203809593431519 71.78039326235522
381 167.338192 72.8659661 264.920155 1200.0 1.0 4.180528380481398 33.99567711762256
382 270.952271 0.909402 284.604868 1200.0 1.0 4.169633344746066 67.5926698029641
383 270.677063 -0.339772 288.69679 1200.0 1.0 4.157146100173682 75.41345300643938
384 163.295945 71.6252243 161.039839 1200.0 1.0 4.147410081005074 81.82229562468923
385 182.8011489 72.0676074 242.368429 1200.0 1.0 4.134392697078651 58.506898474159954
386 271.463837 -0.508314 297.709151 1200.0 1.0 4.1205001948128945 62.28840863169536
387 271.119 -0.67864 337.134215 1200.0 1.0 4.120144496786278 69.66044940081485
388 166.8267064 71.611049 229.122211 1200.0 1.0 4.119045991338401 85.29832113290115
389 176.635284 71.625053 235.160801 1200.0 1.0 4.117540399163076 80.18203227013943
390 194.5179003 70.3711952 106.486532 1200.0 1.0 4.106477185746456 80.60225881250258
391 198.1357227 70.40863759999999 184.051105 1200.0 1.0 4.103431300272533 76.52649440446096
392 162.493626 71.71254420000001 234.555263 1200.0 1.0 4.0900904706320835 81.82603856476022
393 188.720352 71.958084 268.662823 1200.0 1.0 4.07883502529568 63.12727132379563
394 179.803484 73.6845167 131.699354 1200.0 1.0 4.074137109930733 83.04854670604243
395 167.0498552 72.8360743 171.739087 1200.0 1.0 4.06999855501229 33.99567711762256
396 266.147858 9.607014 151.559225 1200.0 1.0 4.059191232930602 89.48913557333982
397 268.567025 5.8998154000000005 133.427033 1200.0 1.0 4.057900646991673 84.24715515903763
398 271.632874 0.782636 270.299648 1200.0 1.0 4.045154928111209 80.72692842655826
399 181.9662713 73.39102679999999 188.397827 1200.0 1.0 4.042931135090068 79.51852002378801
400 268.0772643 5.1599538 207.48583 1200.0 1.0 4.037894402247055 81.36936236893203
401 267.2074284 6.107820200000001 128.23156 1200.0 1.0 4.037422100048538 85.15154998236486
402 186.051849 71.651932 283.952321 1200.0 1.0 4.0268105399686895 65.98427987667532
403 196.0997818 71.18733909999999 177.49213400000002 1200.0 1.0 4.020585029758941 74.25768622693502
404 267.4094764 6.7088432000000005 139.415386 1200.0 1.0 4.004135867530547 82.17574770270502
405 268.181535 4.2889665 155.173583 1200.0 1.0 4.001770334663014 81.63451011607471
406 163.0922974 71.9533956 276.57934700000004 1200.0 1.0 3.9932411074784486 62.64708763908844
407 190.1943112 71.610597 229.305915 1200.0 1.0 3.9842158609049 64.48421054651094
408 268.133813 6.0586041 142.749209 1200.0 1.0 3.98078468372789 82.67370394366151
409 268.332275 6.003369 233.158631 1200.0 1.0 3.9605593738168565 82.67732643620616
410 169.7582661 72.71048470000001 211.321163 1200.0 1.0 3.9503373508810053 37.33939618270732
411 268.0599425 6.1381459000000005 145.19898999999998 1200.0 1.0 3.949655797699741 81.83352070827766
412 167.5681226 71.8315037 258.070208 1200.0 1.0 3.9467322051718643 77.85727302547689
413 193.7037756 71.5543818 146.324306 1200.0 1.0 3.9444857486519638 71.76904168518536
414 267.7923216 6.8605004 126.791686 1200.0 1.0 3.9422052961066285 86.19589592103861
415 166.26943559999998 71.5757276 159.635881 1200.0 1.0 3.9286835869520207 85.30149462273118
416 267.670959 6.738047 242.941842 1200.0 1.0 3.9275767345235586 82.17574770270502
417 190.1996158 70.9179819 194.331322 1200.0 1.0 3.927257195655714 79.37291698899435
418 183.649185 72.336052 264.444175 1200.0 1.0 3.9103104643506565 54.649334160909255
419 189.0086926 71.94081109999999 217.228391 1200.0 1.0 3.9033610647651873 63.12727132379563
420 267.9447035 4.8731678 188.228345 1200.0 1.0 3.8944391300737315 81.37696599353123
421 271.460876 -1.233037 339.981647 1200.0 1.0 3.876232631910357 61.805085104673516
422 172.3530242 72.4351108 173.342081 1200.0 1.0 3.875662354696514 50.58439304902489
423 208.2504816 68.552876 90.171737 1200.0 1.0 3.846602845771744 87.91122760665546
424 183.344666 73.059669 257.508756 1200.0 1.0 3.8389351591966596 75.39333619940595
425 268.4438492 4.6751293 169.838073 1200.0 1.0 3.8341623150444573 77.57599614844082
426 163.8938774 72.26015090000001 284.880413 1200.0 1.0 3.8251781610015128 52.60218844828775
427 268.8845142 6.2870277 117.828901 1200.0 1.0 3.8229380497496948 89.61002018834174
428 267.18858650000004 5.4399632 133.328977 1200.0 1.0 3.8108429716387207 88.6102579594661
429 172.921841 71.33305 207.323081 1200.0 1.0 3.810315399140494 84.55797315705252
430 182.801804 73.132996 254.779548 1200.0 1.0 3.809673970305367 72.17564169484714
431 267.69748250000004 7.620306299999999 170.197327 1200.0 1.0 3.8072315594662207 89.17349187067764
432 267.884399 6.785564 235.66152 1200.0 1.0 3.79241211041621 86.20194664103148
433 191.788055 71.17614 38.15967 1200.0 1.0 3.7843464943963374 71.78039326235522
434 162.0191065 71.6985286 293.81564 1200.0 1.0 3.778719756250559 73.03561352601548
435 182.3293041 72.70992840000001 184.493719 1200.0 1.0 3.7772357888842087 58.177595567093896
436 268.7078958 6.384178599999999 122.309497 1200.0 1.0 3.7757277305175716 89.61473569115591
437 199.7614458 70.5161713 129.469755 1200.0 1.0 3.758842781762633 78.29718522874633
438 267.6889188 6.208633900000001 198.537113 1200.0 1.0 3.746554647331762 81.84100042009737
439 169.37294369999998 73.0162712 258.238174 1200.0 1.0 3.737287206306088 38.68329120019441
440 267.71522400000003 7.0962856 187.918344 1200.0 1.0 3.7314043277218873 85.11943723512728
441 167.472174 71.5999609 232.272312 1200.0 1.0 3.7228687718306652 85.94354022031658
442 162.2819791 71.50185649999999 185.650371 1200.0 1.0 3.7221943136788926 81.82603856476022
443 272.416809 -1.00301 315.05855 1200.0 1.0 3.7205005263112305 73.06294362949947
444 171.9819506 72.00507859999999 193.968884 1200.0 1.0 3.717324270968936 70.16729661968797
445 174.178009 72.02961 279.03536 1200.0 1.0 3.71540502952962 68.98922821725631
446 267.658632 5.5148825 156.085752 1200.0 1.0 3.7138792223281456 84.99699510983658
447 187.777832 73.040764 230.262257 1200.0 1.0 3.708256249251452 85.5501176213097
448 166.65986940000002 72.4306198 273.522494 1200.0 1.0 3.70655185055051 46.41249538593814
449 171.42865 72.1871789 249.102334 1200.0 1.0 3.698919246796538 59.63121807244542
450 187.9576334 71.4932913 229.981876 1200.0 1.0 3.696087792100986 63.80731951282692
451 188.299271 71.440094 276.256183 1200.0 1.0 3.6908653363510897 67.44824101788116
452 175.0160658 72.29454559999999 224.43049900000003 1200.0 1.0 3.6892763692675326 58.3998931032498
453 170.2883652 72.7169719 259.69265 1200.0 1.0 3.6818678303197787 41.76314001715005
454 177.1491275 71.5944968 212.479465 1200.0 1.0 3.6783252314370802 80.17808127836919
455 171.0272082 72.9155686 282.662079 1200.0 1.0 3.650031091276822 37.5931414059868
456 268.1016485 5.2106096 173.646454 1200.0 1.0 3.649077047958933 78.30147277113005
457 267.9768797 6.9110429 146.43733999999998 1200.0 1.0 3.633788522472855 86.19287056104218
458 268.2932627 5.0491774000000005 175.948229 1200.0 1.0 3.625753288729321 77.99802012382693
459 267.3050686 5.4795317 160.828008 1200.0 1.0 3.6248426900977506 84.98729456826763
460 267.9934089 4.2641219 175.190554 1200.0 1.0 3.622242551550965 81.62696758976472
461 167.1452172 71.6551954 239.154219 1200.0 1.0 3.6182556020103256 85.29832113290115
462 267.65399130000003 6.9114841 147.844433 1200.0 1.0 3.6068974200264137 86.19589592103861
463 190.6823187 71.07851219999999 232.691625 1200.0 1.0 3.59836398079912 73.08479351649882
464 268.4929029 4.3894797 210.061333 1200.0 1.0 3.586710365002399 77.04062115543887
465 268.062604 4.8013336 215.59167 1200.0 1.0 3.586432402021572 80.23334655995794
466 267.9136126 6.138139 163.909353 1200.0 1.0 3.584057581428633 81.83726056418752
467 191.0542161 71.26849190000001 170.29711799999998 1200.0 1.0 3.5762204661523906 69.0683245283712
468 267.6122015 5.7319081 172.21676399999998 1200.0 1.0 3.567487796037458 79.48619887439091
469 163.4358665 72.1462525 247.900975 1200.0 1.0 3.564206977967806 52.60218844828775
470 268.4424665 4.8587548 206.995402 1200.0 1.0 3.5638859911338203 77.57599614844082
471 270.936401 -1.166876 323.29928 1200.0 1.0 3.558836333804204 79.1575767113651
472 268.0443946 4.4145484 167.158074 1200.0 1.0 3.558349934765488 85.67194606710608
473 267.8972599 5.6467629 172.778933 1200.0 1.0 3.5544536034273175 79.49024034651534
474 267.5717323 6.8992489 192.333727 1200.0 1.0 3.5497743756637234 86.19589592103861
475 190.8305024 71.302012 206.042726 1200.0 1.0 3.5479838420885432 69.0683245283712
476 194.381881 69.9143804 198.161817 1200.0 1.0 3.5396970316658134 87.02070158600033
477 267.6047258 6.5371708 164.337472 1200.0 1.0 3.5330938751709784 82.16835943968852
478 163.67538369999997 71.8225573 130.817382 1200.0 1.0 3.518504768809245 75.72851363416585
479 178.8604371 73.8463054 191.873317 1200.0 1.0 3.5176634706686665 87.79673016334375
480 266.97246690000003 6.1903202 202.645957 1200.0 1.0 3.5158535657005556 85.15796705220747
481 271.621185 1.205413 248.858199 1200.0 1.0 3.507173392149265 89.35053337168185
482 170.994141 72.379974 297.859542 1200.0 1.0 3.5071002942131884 50.15615599303912
483 181.976483 72.94289930000001 188.922606 1200.0 1.0 3.499471951412051 64.336250315622
484 267.9660034 5.157815900000001 202.505243 1200.0 1.0 3.495652348128414 81.38076780583083
485 182.5372479 72.0741967 198.516931 1200.0 1.0 3.4944415614130993 54.90483566757347
486 267.8650059 6.886870699999999 194.078078 1200.0 1.0 3.4929253550935675 86.19589592103861
487 165.6896958 72.18544370000001 257.53754100000003 1200.0 1.0 3.4909222562732367 55.849203849031994
488 203.2865887 69.01345479999999 118.597008 1200.0 1.0 3.490339013202947 85.84214740885565
489 191.4180561 71.0340937 189.195281 1200.0 1.0 3.490124546476232 75.7136211646658
490 170.1366115 72.1975753 214.036765 1200.0 1.0 3.4863442357641237 59.549181063492775
491 173.641479 71.540092 46.538726 1200.0 1.0 3.485450648983985 84.55797315705252
492 167.358261 71.982895 314.809997 1200.0 1.0 3.484234115270671 69.62443031663152
493 190.4668671 72.67086690000001 136.61297 1200.0 1.0 3.477812531333301 87.44080816085433
494 184.7833651 71.6765944 238.872572 1200.0 1.0 3.455148825308669 67.73041034002021
495 188.368043 70.96659749999999 230.015417 1200.0 1.0 3.434236470117506 84.72643769932208
496 171.5389962 72.29759090000002 177.111095 1200.0 1.0 3.4317383986956216 59.63121807244542
497 271.119659 0.750637 301.97583 1200.0 1.0 3.4233447026568236 68.54875961490617
498 164.5302196 72.3811186 234.355034 1200.0 1.0 3.4232503427702046 43.183651293913385
