index RAJ2000 DEJ2000 exptime Nvis LogProb contour
0 25.907949 17.357815 1200.0 1.0 -22.25073982901167 88.88639723283627
1 26.745043 16.104307 1200.0 1.0 -22.316781747660983 89.34227826453629
2 25.721157 17.789252 1200.0 1.0 -22.3527524370422 85.94139674024521
3 26.417198 15.260299 1200.0 1.0 -22.367571976056922 73.64270721441326
4 25.417154 18.528284 1200.0 1.0 -22.376250610024602 88.47850160807806
5 25.833815 17.32868 1200.0 1.0 -22.477273421586716 88.88639723283627
6 27.058872 14.746577 1200.0 1.0 -22.486194668166064 79.13502012258736
7 26.438875 16.337283 1200.0 1.0 -22.597730965062837 86.35196471126912
8 25.293112 18.48584 1200.0 1.0 -22.60054070920584 88.47939630324282
9 27.133745 14.160894 1200.0 1.0 -22.639804839034355 83.74558583584692
10 26.866793 15.857854 1200.0 1.0 -22.6833562178792 89.34643162450324
11 27.031303 13.938093 1200.0 1.0 -22.74582400652622 73.54293820265767
12 25.938969 16.629196 1200.0 1.0 -22.806980128692487 82.97482385803903
13 26.494999 16.175552 1200.0 1.0 -22.807775211403225 86.35459308949784
14 26.84107 15.985735 1200.0 1.0 -23.001155416140136 89.34518561651316
15 26.349213 15.483942 1200.0 1.0 -23.014591287579954 78.8250877377403
16 25.620806 17.41926 1200.0 1.0 -23.064287179946277 85.93977535638561
17 26.319242 17.283752 1200.0 1.0 -23.10795387507616 88.88899960008543
18 26.532513 15.970322 1200.0 1.0 -23.109974428218734 89.34352427252638
19 27.068092 13.881426 1200.0 1.0 -23.11789146885799 73.54293820265767
20 25.989607 15.986671 1200.0 1.0 -23.234289212890566 75.62927513561417
21 25.11025 17.358727 1200.0 1.0 -23.234854086490955 76.05658158649102
22 26.914421 16.049354 1200.0 1.0 -23.243425895019342 89.34269360053298
23 25.256191 17.266117 1200.0 1.0 -23.256790427591312 76.05123915432577
24 25.271963 18.623411 1200.0 1.0 -23.269836006567775 88.48208038873709
25 25.796204 17.73018 1200.0 1.0 -23.2907155845809 85.94139674024521
26 26.713472 15.152977 1200.0 1.0 -23.30975735853214 83.36782106708046
27 26.5994 16.091815 1200.0 1.0 -23.325830709353383 89.34809296849002
28 27.597795 14.848402 1200.0 1.0 -23.36642492807929 89.57871036832313
29 26.411379 16.337117 1200.0 1.0 -23.388003594937715 86.35196471126912
30 26.173344 17.41884 1200.0 1.0 -23.408979087721 88.88769841646085
31 26.589516 15.140965 1200.0 1.0 -23.41785015146747 75.31449691699319
32 25.968357 17.552323 1200.0 1.0 -23.459513743948925 85.94788227568364
33 25.968386 17.381148 1200.0 1.0 -23.492841813099815 88.89116823945973
34 25.734919 16.400355 1200.0 1.0 -23.496386758184194 72.1462102690188
35 26.916845 14.982727 1200.0 1.0 -23.515136904963924 86.9816968507341
36 25.90646 16.659974 1200.0 1.0 -23.529003844093126 82.97482385803903
37 27.470764 14.562886 1200.0 1.0 -23.541257326136346 89.5827124107436
38 26.440844 16.406244 1200.0 1.0 -23.55090008861098 86.35669579208083
39 26.116327 17.176846 1200.0 1.0 -23.57871866025738 88.89030078371
40 27.360943 14.602966 1200.0 1.0 -23.59052967730537 89.5819120022595
41 25.26403 17.580379 1200.0 1.0 -23.591883442427232 73.40281356411913
42 26.06138 16.540268 1200.0 1.0 -23.595664686175247 82.97931843004021
43 26.495298 16.421339 1200.0 1.0 -23.596112982073798 86.35301606256061
44 26.155764 17.104704 1200.0 1.0 -23.59774854118217 88.89030078371
45 25.686195 16.603387 1200.0 1.0 -23.600725811260823 72.14200660437558
46 26.531296 12.007902 1200.0 1.0 -23.633073672789273 58.10029976274451
47 26.633404 15.745957 1200.0 1.0 -23.639452758137878 78.8297151990254
48 27.747343 13.074085 1200.0 1.0 -23.6491147959408 79.65990271315034
49 25.078196 17.422006 1200.0 1.0 -23.652228039036054 73.3957909598178
50 25.432745 17.228061 1200.0 1.0 -23.654084528879267 76.05212955968665
51 25.23336 17.65164 1200.0 1.0 -23.655222384908562 73.40281356411913
52 25.629993 16.595378 1200.0 1.0 -23.666814883185495 72.14200660437558
53 25.716434 16.804354 1200.0 1.0 -23.67662454682268 78.76794051317202
54 25.468481 17.47056 1200.0 1.0 -23.682699160203413 85.94626089182404
55 26.814837 15.981402 1200.0 1.0 -23.687522398147557 89.34518561651316
56 27.217039 15.100053 1200.0 1.0 -23.69579771861693 86.98119121673423
57 25.977757 16.284267 1200.0 1.0 -23.70264139084457 75.62381749638642
58 26.099758 17.261378 1200.0 1.0 -23.729340804947743 88.88986705583515
59 25.935955 17.441759 1200.0 1.0 -23.739893069182926 88.88726468858599
60 26.346212 16.284973 1200.0 1.0 -23.747843418911813 86.35406741385209
61 25.189568 17.03399 1200.0 1.0 -23.767156992276966 70.67864740164174
62 26.603767 16.428871 1200.0 1.0 -23.80335707694445 86.35301606256061
63 26.160488 17.387426 1200.0 1.0 -23.847839757838457 88.89203569520944
64 25.836971 17.410625 1200.0 1.0 -23.855839491808148 88.88639723283627
65 25.440474 16.377981 1200.0 1.0 -23.861016467733222 72.14305752053637
66 24.798836 17.244276 1200.0 1.0 -23.88146835563405 69.7626310457993
67 26.18689 16.29468 1200.0 1.0 -23.886135150648002 86.35617011643508
68 26.835182 16.133529 1200.0 1.0 -23.88640506037918 89.34767763249333
69 26.612421 16.018909 1200.0 1.0 -23.889881348129798 89.34560095250986
70 26.471245 15.907267 1200.0 1.0 -23.896223903437622 78.8196890329077
71 26.296268 16.623958 1200.0 1.0 -23.91337024936071 82.97610802146794
72 26.581892 16.197894 1200.0 1.0 -23.940575489203678 89.3418629285396
73 25.060036 17.160307 1200.0 1.0 -23.97457297214173 70.02278694096479
74 25.010082 17.483672 1200.0 1.0 -23.99916812023153 73.39880064737552
75 25.612125 17.427902 1200.0 1.0 -23.99937234840801 85.93977535638561
76 25.35157 17.334172 1200.0 1.0 -24.00098924560283 76.05391037040839
77 27.091885 14.98814 1200.0 1.0 -24.007820252706566 86.97714614473536
78 26.338938 16.369346 1200.0 1.0 -24.026652785230254 86.35669579208083
79 26.086288 17.481719 1200.0 1.0 -24.052117763705283 88.88769841646085
80 26.509352 16.039505 1200.0 1.0 -24.077930170595067 89.34601628850655
81 25.81723 16.627656 1200.0 1.0 -24.08936770282635 82.97418177632458
82 25.949545 16.771466 1200.0 1.0 -24.09053660521805 82.98060259346911
83 25.864382 14.275791 1200.0 1.0 -24.09512572146287 62.45734658095159
84 27.453962 14.740616 1200.0 1.0 -24.098800878584157 89.57831016408109
85 26.560713 16.141839 1200.0 1.0 -24.0991617351712 89.34809296849002
86 25.122965 17.331267 1200.0 1.0 -24.099332375962632 76.05658158649102
87 27.665529 14.090989 1200.0 1.0 -24.12307484450669 83.73820621567864
88 26.274441 15.921236 1200.0 1.0 -24.12428017631845 78.82200276355024
89 25.828794 17.164791 1200.0 1.0 -24.128642444323702 88.89073451158487
90 25.018419 17.377871 1200.0 1.0 -24.132594286696076 73.3957909598178
91 25.669355 16.661156 1200.0 1.0 -24.150294010372583 78.76484782155748
92 25.090643 17.125998 1200.0 1.0 -24.155331449947113 70.02278694096479
93 25.636415 16.081227 1200.0 1.0 -24.15716898670749 72.15566851446604
94 26.770756 16.226394 1200.0 1.0 -24.162063342111082 89.34726229649664
95 26.077959 17.375196 1200.0 1.0 -24.164062641633755 88.88769841646085
96 26.049635 17.538887 1200.0 1.0 -24.168054049154442 88.88856587221056
97 25.074492 17.15969 1200.0 1.0 -24.1726187838676 70.02278694096479
98 25.316845 15.835941 1200.0 1.0 -24.178193605764548 67.10581526999235
99 25.818832 16.995981 1200.0 1.0 -24.181990387296146 78.76020878413567
100 25.421795 17.586299 1200.0 1.0 -24.19158449427762 85.94355858539136
101 26.014172 16.339648 1200.0 1.0 -24.19422366668151 82.97546593975349
102 24.894176 17.788355 1200.0 1.0 -24.196120687286232 73.39679418900371
103 26.176588 15.739108 1200.0 1.0 -24.19749744458514 78.82663022483534
104 26.806017 16.220751 1200.0 1.0 -24.200104188018052 89.34767763249333
105 26.718899 16.282116 1200.0 1.0 -24.205681183077054 89.34726229649664
106 26.529039 15.963315 1200.0 1.0 -24.20610359548821 89.34352427252638
107 26.190184 16.181211 1200.0 1.0 -24.208222006937106 86.35617011643508
108 24.821924 19.823295 1200.0 1.0 -24.212110503004812 88.32324286275333
109 26.513548 16.040592 1200.0 1.0 -24.215180902724825 89.34601628850655
110 26.956501 16.006997 1200.0 1.0 -24.2165051075671 89.34477028051646
111 26.944096 15.475115 1200.0 1.0 -24.216626246993407 83.36907700381676
112 26.84347 16.010775 1200.0 1.0 -24.221081497362775 89.34518561651316
113 25.15724 16.07272 1200.0 1.0 -24.22151328338264 67.02591180108388
114 25.494032 16.96445 1200.0 1.0 -24.247494430099774 78.75788926542478
115 25.136122 18.042554 1200.0 1.0 -24.252137799836795 82.84913876288161
116 26.38389 16.517695 1200.0 1.0 -24.2564611186339 86.35511876514359
117 25.433094 17.705331 1200.0 1.0 -24.282710561879817 82.84267649151846
118 25.957094 16.634775 1200.0 1.0 -24.28288835788137 82.97482385803903
119 26.554604 15.884315 1200.0 1.0 -24.28859989816251 89.34352427252638
120 25.046316 16.914942 1200.0 1.0 -24.297466726850097 70.67978529557169
121 25.60384 17.371997 1200.0 1.0 -24.29828579805134 85.94301812410482
122 25.969236 15.906115 1200.0 1.0 -24.311722616501747 75.63200395522804
123 25.737429 16.863744 1200.0 1.0 -24.312700916711172 78.76794051317202
124 27.158939 15.245307 1200.0 1.0 -24.320818949249514 86.9791686807348
125 26.354008 15.173886 1200.0 1.0 -24.33398306428304 73.64171064110184
126 26.108074 16.825767 1200.0 1.0 -24.33641250250188 82.98124467518356
127 27.05982 14.873529 1200.0 1.0 -24.33758941851862 86.98017994873452
128 26.557001 16.049561 1200.0 1.0 -24.346262341118955 89.34809296849002
129 25.151285 18.318831 1200.0 1.0 -24.34708690762193 79.11299052862522
130 26.085045 17.415601 1200.0 1.0 -24.35278029862902 88.88769841646085
131 26.811527 16.109251 1200.0 1.0 -24.355215597492965 89.34767763249333
132 26.533213 16.1306 1200.0 1.0 -24.364181535424542 89.34809296849002
133 25.284491 17.379918 1200.0 1.0 -24.381820134079454 76.05391037040839
134 26.177423 15.957307 1200.0 1.0 -24.382506964624945 75.63018474215212
135 26.257431 16.418744 1200.0 1.0 -24.40435206271865 86.35564444078933
136 27.133669 14.997172 1200.0 1.0 -24.405882929293078 86.97714614473536
137 26.372835 16.574252 1200.0 1.0 -24.40624154078344 86.35511876514359
138 24.363071 17.618863 1200.0 1.0 -24.426726778482305 69.60937033455437
139 24.730129 16.560704 1200.0 1.0 -24.428265845113003 67.84986447183378
140 26.629869 16.280775 1200.0 1.0 -24.439720572681317 86.34881065739464
141 24.992996 17.689585 1200.0 1.0 -24.451108525016593 73.3917780430742
142 25.2349 17.957998 1200.0 1.0 -24.455721652629805 82.8484925357453
143 25.9223 17.431601 1200.0 1.0 -24.45932427050935 88.88726468858599
144 25.828598 17.281933 1200.0 1.0 -24.471910168974695 88.88639723283627
145 24.623077 17.525823 1200.0 1.0 -24.486637549765483 69.64513717310484
146 25.506243 16.91941 1200.0 1.0 -24.487130754785905 78.76716734026839
147 26.544903 16.224061 1200.0 1.0 -24.494494702609543 86.35249038691487
148 26.3855 16.090005 1200.0 1.0 -24.495916318855585 86.35354173820635
149 26.31649 16.476672 1200.0 1.0 -24.501178751255175 86.34986200868613
150 26.442026 15.612402 1200.0 1.0 -24.50469544461908 78.82894395547788
151 26.685526 15.456474 1200.0 1.0 -24.505196028266084 83.36028544666266
152 25.947443 17.013902 1200.0 1.0 -24.51048581128658 78.7609819570393
153 25.9552 16.41668 1200.0 1.0 -24.515307219446434 82.97546593975349
154 25.884737 17.263371 1200.0 1.0 -24.520033265040436 88.88596350496141
155 24.649614 17.204252 1200.0 1.0 -24.528699414021652 68.81071421525942
156 25.906971 16.159315 1200.0 1.0 -24.534896145122023 75.62836552907622
157 26.407724 16.484068 1200.0 1.0 -24.54844282634201 86.35038768433188
158 25.769108 16.601966 1200.0 1.0 -24.559581507392437 82.97418177632458
159 25.931175 17.563109 1200.0 1.0 -24.55967742258131 85.94788227568364
160 26.572456 16.431386 1200.0 1.0 -24.566011011997645 86.35301606256061
161 25.840452 17.384371 1200.0 1.0 -24.56743470674124 88.88639723283627
162 26.761387 16.113069 1200.0 1.0 -24.57583393284987 89.34227826453629
163 25.903824 17.016918 1200.0 1.0 -24.58305806038615 78.76020878413567
164 25.645388 16.992315 1200.0 1.0 -24.586707584719058 78.75866243832841
165 27.483984 14.87803 1200.0 1.0 -24.591995100461872 89.58031118529132
166 25.428829 16.52745 1200.0 1.0 -24.60491804831721 69.6905988882077
167 25.672245 17.60503 1200.0 1.0 -24.60627979911446 85.94247766281828
168 25.649185 17.456172 1200.0 1.0 -24.610500880386333 85.94680135311057
169 26.963917 15.944933 1200.0 1.0 -24.61482419931467 89.34393960852307
170 25.807041 16.060997 1200.0 1.0 -24.62611595357675 75.61926946369664
171 26.726067 15.294894 1200.0 1.0 -24.63191404880996 83.36656513034416
172 26.462137 16.467196 1200.0 1.0 -24.6330981060252 86.35038768433188
173 25.907295 16.954926 1200.0 1.0 -24.653692591245665 78.7609819570393
174 25.32028 18.569572 1200.0 1.0 -24.656460667509684 88.48208038873709
175 25.853529 16.7571 1200.0 1.0 -24.65674538287646 82.9780342666113
176 24.458143 17.159904 1200.0 1.0 -24.664563702634425 68.94999108124458
177 25.997507 16.521323 1200.0 1.0 -24.671206207237134 82.97931843004021
178 27.357334 15.115283 1200.0 1.0 -24.6768925239368 86.98321375273366
179 26.45417 15.113322 1200.0 1.0 -24.68195106884393 75.31541765347167
180 25.576639 17.259672 1200.0 1.0 -24.686578252152575 76.05301996504753
181 26.06971 15.812195 1200.0 1.0 -24.692451731113962 75.61835985715868
182 23.711826 18.145697 1200.0 1.0 -24.696285153907006 70.55994461125957
183 26.430365 16.02245 1200.0 1.0 -24.706482574958507 89.34601628850655
184 26.005526 14.958037 1200.0 1.0 -24.709512895783234 67.27000376900381
185 25.626856 16.874696 1200.0 1.0 -24.71858983339017 78.76639416736475
186 25.9541 16.569276 1200.0 1.0 -24.719472783418972 82.97931843004021
187 25.23843 17.508847 1200.0 1.0 -24.729294339337947 76.04500631679963
188 26.058374 16.645435 1200.0 1.0 -24.73071345252498 82.9767501031824
189 27.104883 14.691466 1200.0 1.0 -24.737053289148335 79.13502012258736
190 27.237293 15.069886 1200.0 1.0 -24.739110936431892 86.97866304673494
191 26.772322 16.035624 1200.0 1.0 -24.739255837520005 89.34518561651316
192 25.693943 17.29737 1200.0 1.0 -24.75389023382573 85.94301812410482
193 25.318922 17.634498 1200.0 1.0 -24.75408473023635 82.84655385433635
194 26.436079 16.19399 1200.0 1.0 -24.76128544024038 86.35459308949784
195 25.55958 17.107172 1200.0 1.0 -24.766367766263564 78.76871368607566
196 25.145031 16.973894 1200.0 1.0 -24.771234436756977 70.67864740164174
197 25.105494 17.594212 1200.0 1.0 -24.77615583659573 73.40181033493323
198 26.014442 17.390513 1200.0 1.0 -24.776759903278723 88.89116823945973
199 26.378895 15.508029 1200.0 1.0 -24.778112176255085 78.8250877377403
200 25.477999 17.152275 1200.0 1.0 -24.78078701781031 76.04678712752138
201 26.057961 16.502847 1200.0 1.0 -24.79450262663964 82.97353969461014
202 25.607288 16.748759 1200.0 1.0 -24.815212821690082 78.76484782155748
203 26.001089 16.705744 1200.0 1.0 -24.822113009060438 82.97739218489684
204 26.172609 16.765775 1200.0 1.0 -24.827898847790628 82.98317092032693
205 26.124374 17.168863 1200.0 1.0 -24.828154764485223 88.89030078371
206 26.028955 16.483553 1200.0 1.0 -24.84370517619366 82.97353969461014
207 25.866083 16.60064 1200.0 1.0 -24.848897137355088 82.97996051175465
208 26.272858 16.413775 1200.0 1.0 -24.851699637293706 86.35564444078933
209 25.878681 14.146379 1200.0 1.0 -24.86055171567216 62.4536622927502
210 26.670576 15.559942 1200.0 1.0 -24.865138615909338 83.36091341503081
211 24.884865 17.20665 1200.0 1.0 -24.867329021072848 69.7602009552729
212 24.896898 16.072282 1200.0 1.0 -24.876932655638434 66.67147252625189
213 26.096292 15.345973 1200.0 1.0 -24.879209883571832 71.51562465832767
214 26.324675 16.585752 1200.0 1.0 -24.885040217064173 86.35511876514359
215 24.971529 17.353727 1200.0 1.0 -24.88672143251207 73.38876835551649
216 26.075602 16.405125 1200.0 1.0 -24.889529420030726 82.97546593975349
217 25.969082 15.947092 1200.0 1.0 -24.89008988549749 75.62927513561417
218 27.087395 14.804013 1200.0 1.0 -24.89112887560367 86.98017994873452
219 26.662436 14.957267 1200.0 1.0 -24.89879257021218 75.56095277518166
220 25.945908 17.112735 1200.0 1.0 -24.902876334546917 88.8916019673346
221 26.657637 16.377949 1200.0 1.0 -24.90339268808176 86.34881065739464
222 24.883501 17.755855 1200.0 1.0 -24.909596232951543 73.39679418900371
223 26.510046 15.885354 1200.0 1.0 -24.921664104146053 78.8196890329077
224 25.441446 16.892807 1200.0 1.0 -24.932539408187743 78.76716734026839
225 26.96147 15.992997 1200.0 1.0 -24.932614827497968 89.34477028051646
226 25.70742 16.142592 1200.0 1.0 -24.935128116685426 72.15356668214443
227 26.873354 15.544155 1200.0 1.0 -24.93990247734783 83.35965747829451
228 25.794571 15.951203 1200.0 1.0 -24.951468863563434 75.62745592253826
229 25.349997 16.979132 1200.0 1.0 -24.951763514985934 78.76330147575021
230 24.165462 17.009148 1200.0 1.0 -24.95249167826522 69.33339178141942
231 26.366947 16.150379 1200.0 1.0 -24.96094613388178 86.35354173820635
232 25.812948 16.347116 1200.0 1.0 -24.964689100987705 72.15461759830524
233 25.751472 16.693466 1200.0 1.0 -24.96633700114804 82.97418177632458
234 25.183346 17.21914 1200.0 1.0 -24.97681686419073 76.05569118113014
235 25.969252 15.84787 1200.0 1.0 -24.97831770886907 75.63200395522804
236 26.462095 15.746283 1200.0 1.0 -24.97926248490701 78.82277400709776
237 26.588486 16.364117 1200.0 1.0 -24.98855231756315 86.34881065739464
238 25.480385 16.204188 1200.0 1.0 -25.001725281470364 72.14515935285799
239 23.953682 19.391571 1200.0 1.0 -25.008001690940375 74.2319734270174
240 25.823992 16.811204 1200.0 1.0 -25.050528372000876 78.76794051317202
241 25.166819 17.515926 1200.0 1.0 -25.050646409334274 73.38977158470239
242 25.004679 17.311807 1200.0 1.0 -25.05296442956513 73.38876835551649
243 26.059511 17.339093 1200.0 1.0 -25.05915801841835 88.89116823945973
244 25.769646 15.241704 1200.0 1.0 -25.062390331811415 66.17723150727608
245 26.359781 16.276981 1200.0 1.0 -25.068890141428852 86.35406741385209
246 25.834827 16.16864 1200.0 1.0 -25.071346990831792 75.61926946369664
247 25.259159 16.442703 1200.0 1.0 -25.076190621701386 69.68937204419034
248 24.251619 18.048355 1200.0 1.0 -25.081000891451566 70.4332597430134
249 25.346663 17.420037 1200.0 1.0 -25.08428784465731 76.04322550607789
250 24.794024 16.741052 1200.0 1.0 -25.098959435038516 67.84705882669333
251 27.004261 14.746688 1200.0 1.0 -25.103921418764415 75.56551646721367
252 27.297823 12.324323 1200.0 1.0 -25.10606319905338 61.89392835195646
253 25.959709 16.22214 1200.0 1.0 -25.108925449626767 75.62836552907622
254 26.324539 15.950632 1200.0 1.0 -25.109083036425588 78.82354525064528
255 25.905231 15.876014 1200.0 1.0 -25.113216427138653 75.63200395522804
256 23.982246 17.919188 1200.0 1.0 -25.115375986088765 69.7273237043136
257 25.589228 17.624744 1200.0 1.0 -25.11969020353157 85.94463950796442
258 23.686481 17.816863 1200.0 1.0 -25.119877929799728 70.42979562212885
259 25.178509 17.117045 1200.0 1.0 -25.12450407855018 76.0458967221605
260 24.894114 17.06191 1200.0 1.0 -25.125308507910532 70.01922354256502
261 25.193302 17.341466 1200.0 1.0 -25.127789899949462 76.05658158649102
262 26.592157 15.15872 1200.0 1.0 -25.130704702152258 75.31449691699319
263 25.459393 16.671576 1200.0 1.0 -25.13553541316805 72.47536066262856
264 26.116989 16.639497 1200.0 1.0 -25.136725737832247 82.9767501031824
265 27.258514 14.794132 1200.0 1.0 -25.14957419798207 89.57991098104927
266 24.976004 17.692728 1200.0 1.0 -25.154342039149746 73.3917780430742
267 25.620214 16.834823 1200.0 1.0 -25.156711475333175 78.76562099446112
268 25.888199 16.675394 1200.0 1.0 -25.161637109828867 82.97482385803903
269 26.787968 16.060243 1200.0 1.0 -25.162431727639948 89.34518561651316
270 26.498396 16.072791 1200.0 1.0 -25.16558298406529 89.34809296849002
271 26.104548 16.48045 1200.0 1.0 -25.169373330288927 82.97353969461014
272 26.248781 15.791441 1200.0 1.0 -25.170396603931522 78.82663022483534
273 26.613918 16.396981 1200.0 1.0 -25.178893409934126 86.34881065739464
274 25.241056 17.772434 1200.0 1.0 -25.18500164559591 82.84203026438215
275 24.195276 17.389315 1200.0 1.0 -25.188795608168867 69.1701032675604
276 24.546427 16.08664 1200.0 1.0 -25.19493127006399 67.29331662680555
277 26.199778 16.235299 1200.0 1.0 -25.203088761647763 86.35617011643508
278 24.265278 17.24176 1200.0 1.0 -25.20802572268223 68.82126085430293
279 27.541553 12.697354 1200.0 1.0 -25.21056637810151 69.15469632362965
280 25.205811 16.834815 1200.0 1.0 -25.222477058312954 71.25976840105992
281 25.749897 17.65764 1200.0 1.0 -25.223044010026634 85.94517996925096
282 26.661243 16.226831 1200.0 1.0 -25.224979196587856 89.3418629285396
283 25.501343 15.747703 1200.0 1.0 -25.23768779656036 67.3412718908905
284 24.949471 16.798402 1200.0 1.0 -25.252707293380453 68.97998924951283
285 25.887436 16.336767 1200.0 1.0 -25.253121040016588 72.1472611851796
286 26.47966 16.133513 1200.0 1.0 -25.259272659422713 86.35459308949784
287 24.249105 17.507045 1200.0 1.0 -25.259919021263627 69.16881965651395
288 24.95505 17.534379 1200.0 1.0 -25.26024471768764 73.39880064737552
289 25.096703 16.38245 1200.0 1.0 -25.265449251325414 68.0991042552513
290 25.510704 16.335759 1200.0 1.0 -25.275507427849988 72.15777034678766
291 25.2388 15.952147 1200.0 1.0 -25.276577257933553 67.10728956901934
292 25.964437 16.689695 1200.0 1.0 -25.280437873125493 82.97482385803903
293 25.752411 17.480362 1200.0 1.0 -25.28097675672452 85.94572043053749
294 24.896584 16.882434 1200.0 1.0 -25.30902078483784 68.98129200235743
295 27.345753 14.927148 1200.0 1.0 -25.329797595801345 89.5811115937754
296 25.549835 17.248085 1200.0 1.0 -25.33225127008822 76.05301996504753
297 26.146225 16.556021 1200.0 1.0 -25.33729688136949 82.97867634832575
298 24.070232 16.754592 1200.0 1.0 -25.33798099815671 69.58585213844279
299 26.155169 16.476903 1200.0 1.0 -25.343272294874264 82.97353969461014
300 25.396078 17.229085 1200.0 1.0 -25.345392581105948 76.05212955968665
301 25.524534 16.828712 1200.0 1.0 -25.34903202089135 78.76562099446112
302 25.084 16.308037 1200.0 1.0 -25.357125347837986 68.10048527090153
303 24.740553 17.383021 1200.0 1.0 -25.369807916587135 69.7638460910625
304 25.687407 16.477624 1200.0 1.0 -25.372374447625738 72.15146484982282
305 25.698629 16.034664 1200.0 1.0 -25.376539194533123 75.62108867677256
306 24.390955 16.922886 1200.0 1.0 -25.37671427911357 68.34948337839086
307 26.160717 16.667473 1200.0 1.0 -25.380202496838777 82.9767501031824
308 23.811291 16.964212 1200.0 1.0 -25.38648950695694 75.13051447393546
309 26.849592 15.302664 1200.0 1.0 -25.389410854073205 83.36154138339896
310 25.225203 16.577783 1200.0 1.0 -25.391971523350698 69.38406880642394
311 25.934046 15.988641 1200.0 1.0 -25.403117095419958 75.6219982833105
312 25.972414 15.909259 1200.0 1.0 -25.40475539139898 75.62927513561417
313 24.560884 17.565633 1200.0 1.0 -25.40500151788342 69.60813475807713
314 24.665453 16.357354 1200.0 1.0 -25.405458779963467 67.17491948531256
315 24.075525 20.138494 1200.0 1.0 -25.411176539797445 86.21682689042956
316 25.981312 16.415116 1200.0 1.0 -25.411572322854923 82.97546593975349
317 23.983849 18.664871 1200.0 1.0 -25.419180730392597 71.31855252963007
318 25.318096 16.809092 1200.0 1.0 -25.424907875731897 71.26195183496218
319 26.204931 15.61645 1200.0 1.0 -25.42539520318558 78.82431649419279
320 23.984207 17.686172 1200.0 1.0 -25.42580059162419 69.78689556767358
321 23.819586 19.267063 1200.0 1.0 -25.425833958235486 74.24363165325938
322 25.312889 15.767021 1200.0 1.0 -25.427105144276922 67.10581526999235
323 26.629688 15.482878 1200.0 1.0 -25.43229708223752 83.36091341503081
324 24.553461 17.497069 1200.0 1.0 -25.43396128598117 69.64513717310484
325 25.88319 16.603133 1200.0 1.0 -25.456950646134736 82.97996051175465
326 23.522221 17.995815 1200.0 1.0 -25.459102807091767 71.27068088673971
327 24.443218 18.08476 1200.0 1.0 -25.45912675353776 72.18192516204927
328 26.142305 16.121767 1200.0 1.0 -25.460594572498565 75.62290788984846
329 24.95343 16.712069 1200.0 1.0 -25.463772304003612 68.97868649666823
330 24.158829 17.912093 1200.0 1.0 -25.467855989631026 69.72610406652907
331 26.334883 16.313473 1200.0 1.0 -25.470121068901157 86.35143903562337
332 26.395569 16.178196 1200.0 1.0 -25.485744550582478 86.35459308949784
333 22.918226 18.229903 1200.0 1.0 -25.487903810359875 80.71745764141352
334 26.550673 15.417005 1200.0 1.0 -25.48937829083713 83.3671930987123
335 25.765381 16.78841 1200.0 1.0 -25.49379811631553 78.76794051317202
336 25.606089 16.318783 1200.0 1.0 -25.494960777441875 72.15777034678766
337 24.829088 17.228616 1200.0 1.0 -25.49708482715478 69.7626310457993
338 25.28723 17.151958 1200.0 1.0 -25.50124082719651 76.04856793824314
339 25.899841 17.298855 1200.0 1.0 -25.505289911818345 88.88596350496141
340 24.618372 17.138918 1200.0 1.0 -25.50894852645746 68.81071421525942
341 27.321428 15.028386 1200.0 1.0 -25.509743059933967 86.97866304673494
342 25.591959 15.972767 1200.0 1.0 -25.513824864081037 68.80016389278778
343 28.974819 10.857459 1200.0 1.0 -25.51606455748803 80.96533674132571
344 25.597118 15.684188 1200.0 1.0 -25.52353072677719 67.3369160345677
345 25.451523 18.042285 1200.0 1.0 -25.526699969766774 82.84784630860898
346 25.626953 17.213839 1200.0 1.0 -25.52745498055819 78.75943561123205
347 25.758554 17.399299 1200.0 1.0 -25.52904372818464 85.94572043053749
348 25.425648 17.461529 1200.0 1.0 -25.53573524817601 76.04322550607789
349 26.272871 16.355148 1200.0 1.0 -25.53733065259638 86.35143903562337
350 25.92301 16.941926 1200.0 1.0 -25.542805776346597 78.7609819570393
351 26.031336 16.14152 1200.0 1.0 -25.546105558745268 75.6201790702346
352 26.875187 15.975441 1200.0 1.0 -25.551054806581874 89.34393960852307
353 25.111197 15.946545 1200.0 1.0 -25.559618282600738 67.02887753916886
354 25.331064 17.500768 1200.0 1.0 -25.562217084790014 76.04500631679963
355 25.829983 15.998354 1200.0 1.0 -25.5695040675171 75.62745592253826
356 26.390291 16.260934 1200.0 1.0 -25.573053986650557 86.35406741385209
357 23.902514 16.610703 1200.0 1.0 -25.577108359895256 71.26522643126975
358 25.050953 17.216672 1200.0 1.0 -25.586016141999163 76.0503487489649
359 25.923311 15.261823 1200.0 1.0 -25.58781771601209 69.01511045398034
360 25.518536 16.879886 1200.0 1.0 -25.59119892833136 78.76716734026839
361 25.358715 16.030021 1200.0 1.0 -25.595895166558293 68.79884408274033
362 25.339472 16.581561 1200.0 1.0 -25.602469802669845 69.68814520017297
363 25.173727 17.114386 1200.0 1.0 -25.61090206344099 76.0458967221605
364 25.265926 17.818387 1200.0 1.0 -25.615344360401842 82.83944535583689
365 26.360252 16.141878 1200.0 1.0 -25.617370592412044 86.35354173820635
366 25.950197 16.734323 1200.0 1.0 -25.61849962165298 82.97739218489684
367 27.035826 16.012291 1200.0 1.0 -25.620786639819315 89.34477028051646
368 25.228186 16.5221 1200.0 1.0 -25.62438967947657 69.6869183561556
369 26.159185 16.629378 1200.0 1.0 -25.625240305617034 82.9767501031824
370 26.350159 16.474847 1200.0 1.0 -25.630280239682918 86.35669579208083
371 23.988363 16.448775 1200.0 1.0 -25.63912472292059 71.26631796337229
372 26.369984 15.90091 1200.0 1.0 -25.640692267873142 78.82354525064528
373 25.930946 16.751545 1200.0 1.0 -25.64184412713275 82.98060259346911
374 24.14476 16.851775 1200.0 1.0 -25.641959624870033 68.75518086615095
375 25.488878 16.392814 1200.0 1.0 -25.64556220448418 72.14305752053637
376 25.915548 16.950077 1200.0 1.0 -25.646782276993093 78.7609819570393
377 25.422379 16.27337 1200.0 1.0 -25.658432893451476 72.14515935285799
378 24.481712 15.798012 1200.0 1.0 -25.666298143847662 68.77771055203918
379 24.763208 17.533562 1200.0 1.0 -25.689815448636487 73.40080710574732
380 25.29155 16.611513 1200.0 1.0 -25.690011811603554 69.68814520017297
381 25.208708 17.650172 1200.0 1.0 -25.69518685035552 73.3927812722601
382 25.95528 16.907918 1200.0 1.0 -25.69544488015027 78.7609819570393
383 24.754101 17.917387 1200.0 1.0 -25.695542895948883 73.86245033862278
384 25.708982 17.082704 1200.0 1.0 -25.6992344410339 78.76948685897929
385 23.970215 17.910903 1200.0 1.0 -25.707277772496887 69.7273237043136
386 25.255424 16.161585 1200.0 1.0 -25.7073424558127 68.38343051890499
387 25.287634 16.928783 1200.0 1.0 -25.714028877440107 71.26195183496218
388 23.759811 17.595363 1200.0 1.0 -25.717526514462847 72.25109862818245
389 25.125139 17.108665 1200.0 1.0 -25.7182459086211 70.02278694096479
390 26.332504 16.340053 1200.0 1.0 -25.723823820609123 86.35143903562337
391 26.735455 16.123593 1200.0 1.0 -25.728615874232474 89.34227826453629
392 24.245398 17.697332 1200.0 1.0 -25.730660439605856 69.67096021041759
393 26.143606 15.822171 1200.0 1.0 -25.731223113945248 78.82663022483534
394 25.679945 16.634577 1200.0 1.0 -25.735073096654723 82.97418177632458
395 26.956161 15.929497 1200.0 1.0 -25.736754973807486 89.34393960852307
396 26.510509 15.78618 1200.0 1.0 -25.740223207656285 78.82817271193036
397 25.513845 16.725164 1200.0 1.0 -25.742230979098494 72.47224647542475
398 26.666044 16.30241 1200.0 1.0 -25.74396355312964 86.34881065739464
399 25.896534 16.974632 1200.0 1.0 -25.749264357931978 78.7609819570393
400 25.797813 16.060513 1200.0 1.0 -25.751287988252315 75.62108867677256
401 25.940332 15.962284 1200.0 1.0 -25.770559324017746 75.6219982833105
402 25.506517 16.574529 1200.0 1.0 -25.772965917078082 72.47328453782602
403 24.004454 18.349484 1200.0 1.0 -25.776153861963813 70.56453088235253
404 25.410164 17.442871 1200.0 1.0 -25.778840693641726 76.04322550607789
405 26.049067 15.436796 1200.0 1.0 -25.778847413712384 70.65018065852222
406 26.033257 14.944045 1200.0 1.0 -25.783743236324433 67.26708678312087
407 25.401455 17.663577 1200.0 1.0 -25.78694744849617 82.84267649151846
408 27.292732 14.333544 1200.0 1.0 -25.796525982469753 83.74005112072072
409 25.020964 17.234711 1200.0 1.0 -25.7979894064894 76.0503487489649
410 22.632267 18.917125 1200.0 1.0 -25.79916039272028 77.64238150388613
411 25.42565 16.171188 1200.0 1.0 -25.801105039457404 68.38478689845846
412 24.921347 15.828505 1200.0 1.0 -25.804671383860594 66.2020315237766
413 25.951441 16.809648 1200.0 1.0 -25.81555046167162 82.98060259346911
414 26.204849 17.191854 1200.0 1.0 -25.815690309021527 88.88943332796029
415 24.246275 17.959117 1200.0 1.0 -25.81634632091609 70.43441444997491
416 25.916941 15.839902 1200.0 1.0 -25.81829091170863 75.63200395522804
417 25.78513 17.462347 1200.0 1.0 -25.826908042091436 85.94572043053749
418 25.103725 16.23768 1200.0 1.0 -25.827108138649365 68.09772323960108
419 25.842733 15.927346 1200.0 1.0 -25.831472724088954 75.62745592253826
420 25.735043 16.86541 1200.0 1.0 -25.832029459429936 78.76639416736475
421 25.974129 16.619379 1200.0 1.0 -25.832840625109323 82.97482385803903
422 25.189398 16.439306 1200.0 1.0 -25.838172313104266 68.0991042552513
423 24.822906 17.991125 1200.0 1.0 -25.83879851107157 73.86146553338908
424 24.328905 16.235862 1200.0 1.0 -25.84565219225111 69.19574045366868
425 25.325687 18.080284 1200.0 1.0 -25.85178101144289 82.84073781010952
426 25.946295 17.014363 1200.0 1.0 -25.85497979998194 78.7609819570393
427 25.459442 16.090315 1200.0 1.0 -25.859546306303542 68.80148370283523
428 24.610779 16.866172 1200.0 1.0 -25.864145249682124 68.02715421833867
429 25.592716 15.948037 1200.0 1.0 -25.86922085402948 69.29145907714495
430 23.545893 19.022514 1200.0 1.0 -25.874365413615635 71.57016303737483
431 27.57468 14.890338 1200.0 1.0 -25.875090433763937 89.57871036832313
432 25.606434 16.14487 1200.0 1.0 -25.878153498358067 72.15251576598362
433 27.046675 15.015671 1200.0 1.0 -25.887879213378902 86.97714614473536
434 25.764183 16.07641 1200.0 1.0 -25.890191147511985 75.62108867677256
435 25.121002 17.782117 1200.0 1.0 -25.896191842359507 82.84138403724583
436 25.434547 16.305799 1200.0 1.0 -25.896612218633628 72.15671943062685
437 28.036831 13.174259 1200.0 1.0 -25.903983604399293 79.67099312264561
438 24.029034 18.658403 1200.0 1.0 -25.90479896591924 71.31855252963007
439 25.409533 17.237442 1200.0 1.0 -25.90854458282248 76.05212955968665
440 25.222773 16.933116 1200.0 1.0 -25.911756595317634 70.68092318950163
441 24.607613 16.76822 1200.0 1.0 -25.91346148832195 68.0243794602635
442 25.802605 15.663037 1200.0 1.0 -25.91611148375039 69.83999954036015
443 23.909645 17.340728 1200.0 1.0 -25.917547248484695 69.78083634608545
444 22.995699 16.6806 1200.0 1.0 -25.919325666020434 84.6653963062439
445 23.116417 16.849974 1200.0 1.0 -25.920970481488098 84.66187848939049
446 25.176064 16.706259 1200.0 1.0 -25.9241821500137 69.38533285933188
447 25.054609 17.325777 1200.0 1.0 -25.925184392634392 76.0503487489649
448 25.719364 16.585894 1200.0 1.0 -25.93537285476929 72.14200660437558
449 25.519522 16.207513 1200.0 1.0 -25.9455362980988 72.14515935285799
450 25.50676 16.29364 1200.0 1.0 -25.945926770144034 72.14515935285799
451 26.161945 15.047537 1200.0 1.0 -25.94682635942634 69.61801487039207
452 25.378529 16.31372 1200.0 1.0 -25.949086259625354 72.15671943062685
453 25.136932 16.541275 1200.0 1.0 -25.95853251151148 69.382804753516
454 26.552755 15.430131 1200.0 1.0 -25.96415033074069 83.3671930987123
455 24.784708 15.972734 1200.0 1.0 -25.964354578777254 66.6684551741614
456 24.727961 16.307791 1200.0 1.0 -25.968112706059287 67.17491948531256
457 25.45031 16.848061 1200.0 1.0 -25.971492679691217 78.76716734026839
458 24.774548 16.418156 1200.0 1.0 -25.973697054801555 67.17345142880203
459 25.858831 17.094981 1200.0 1.0 -25.976585877755205 78.76020878413567
460 25.030493 16.280823 1200.0 1.0 -25.984670927773422 68.10048527090153
461 25.670094 16.164879 1200.0 1.0 -25.992984225439862 72.15566851446604
462 24.374355 15.789077 1200.0 1.0 -25.993125220039104 68.77771055203918
463 24.93837 16.82906 1200.0 1.0 -25.993905063118476 68.98129200235743
464 25.586454 16.297307 1200.0 1.0 -25.994680710886477 72.15777034678766
465 25.168283 15.555719 1200.0 1.0 -25.997101654055655 65.87234851829938
466 22.736502 17.985752 1200.0 1.0 -26.002557456628168 89.08071486446961
467 25.013245 15.936252 1200.0 1.0 -26.01462998902879 66.20512890632197
468 22.902407 16.986847 1200.0 1.0 -26.016136635043562 88.97209011634975
469 25.172098 16.246744 1200.0 1.0 -26.02292988104145 68.09772323960108
470 26.000113 16.828593 1200.0 1.0 -26.023248709458606 82.98188675689802
471 26.085127 15.551069 1200.0 1.0 -26.023334461540095 70.64676113383648
472 23.528019 16.172084 1200.0 1.0 -26.0244335712147 78.87668825141392
473 24.736217 16.523156 1200.0 1.0 -26.03414186094507 67.50735231333057
474 25.23457 15.723299 1200.0 1.0 -26.05076213832062 66.03400661647632
475 25.913294 15.320291 1200.0 1.0 -26.051510317705038 68.37936138024456
476 27.569012 14.959124 1200.0 1.0 -26.054610398857186 89.57790995983905
477 25.37656 16.516474 1200.0 1.0 -26.06609394013386 69.6905988882077
478 25.296831 16.203052 1200.0 1.0 -26.066123049723124 68.38207413935152
479 26.148651 16.158655 1200.0 1.0 -26.06713499084409 75.6265463160003
480 25.617794 16.214823 1200.0 1.0 -26.067981516975678 72.15251576598362
481 22.325432 21.000852 1200.0 1.0 -26.070782896739786 78.73699505927054
482 24.276619 16.261941 1200.0 1.0 -26.0733284845712 69.19446018452405
483 25.158005 16.924244 1200.0 1.0 -26.074832647461253 70.68206108343158
484 26.195084 16.02729 1200.0 1.0 -26.081033815890876 75.62563670946234
485 22.259487 17.842156 1200.0 1.0 -26.08375930901478 89.07943568244261
486 26.060104 16.87315 1200.0 1.0 -26.08729518021991 82.98188675689802
487 26.478996 13.806744 1200.0 1.0 -26.088152654068224 65.37059343606725
488 26.601389 15.700386 1200.0 1.0 -26.089604811328805 78.8297151990254
489 25.651079 15.983061 1200.0 1.0 -26.090230428997003 69.29145907714495
490 25.889605 16.543307 1200.0 1.0 -26.09410147798542 82.97996051175465
491 24.974743 16.739497 1200.0 1.0 -26.098313621612817 68.97868649666823
492 25.729359 15.278109 1200.0 1.0 -26.100507907042157 66.17723150727608
493 23.776751 17.320117 1200.0 1.0 -26.101136006980788 71.04840750248131
494 24.298122 17.299117 1200.0 1.0 -26.10126611335574 68.94606943387474
495 25.682829 15.460537 1200.0 1.0 -26.10169958777746 67.75258169460734
496 24.997725 16.618212 1200.0 1.0 -26.10352494956122 69.38659691223982
497 23.767399 18.008633 1200.0 1.0 -26.103633137395107 70.42633084472577
498 24.89295 16.192909 1200.0 1.0 -26.107747995404566 66.94717317430545
499 23.667908 17.259585 1200.0 1.0 -26.108697813078834 71.04729729502203
500 24.302223 16.60041 1200.0 1.0 -26.112873800340637 68.85287403425497
501 26.08762 16.634489 1200.0 1.0 -26.115181415729083 82.9767501031824
502 26.052158 16.220315 1200.0 1.0 -26.116780765979378 75.62381749638642
503 26.381868 15.001497 1200.0 1.0 -26.117477029945732 70.30930862827101
504 24.79937 15.580617 1200.0 1.0 -26.11896749316272 66.5457814676392
505 25.791636 16.230609 1200.0 1.0 -26.121759794580782 72.14936301750122
506 25.315815 16.602227 1200.0 1.0 -26.12473623460442 69.68814520017297
507 26.727621 15.40422 1200.0 1.0 -26.12556278778596 83.36279732013526
508 24.442892 17.026259 1200.0 1.0 -26.125726596956774 68.35220119247872
509 25.279949 17.633521 1200.0 1.0 -26.12742752288871 82.84655385433635
510 24.634644 16.494092 1200.0 1.0 -26.128914753298332 67.50735231333057
511 24.501059 18.228958 1200.0 1.0 -26.13146950222437 72.1829742984671
512 24.729877 17.149648 1200.0 1.0 -26.13348296249128 68.81203261702892
513 24.478367 18.177832 1200.0 1.0 -26.134383078747646 72.1829742984671
514 24.568027 17.89911 1200.0 1.0 -26.135654450465857 70.54961794811965
515 24.074537 17.886602 1200.0 1.0 -26.13791704558369 69.72854334209812
516 22.871243 16.018426 1200.0 1.0 -26.144065260772173 89.04909355578742
517 24.88036 17.694617 1200.0 1.0 -26.14470163004411 73.39679418900371
518 25.921801 16.397466 1200.0 1.0 -26.14475072879093 72.1472611851796
519 24.831915 17.688101 1200.0 1.0 -26.145280011017718 73.39779741818961
520 24.754574 17.50122 1200.0 1.0 -26.146384308637128 73.40080710574732
521 24.187529 17.222871 1200.0 1.0 -26.152320418064107 69.26216363784965
522 25.654905 16.662585 1200.0 1.0 -26.15234159639799 78.76484782155748
523 24.781296 16.63049 1200.0 1.0 -26.161081209544363 67.84986447183378
524 25.524122 16.431966 1200.0 1.0 -26.16710943166855 72.14305752053637
525 26.062414 16.355243 1200.0 1.0 -26.169318765500382 86.34933633304038
526 24.460886 18.19499 1200.0 1.0 -26.181201956495773 72.1829742984671
527 23.511597 16.284236 1200.0 1.0 -26.181976305674496 78.88284021944324
528 24.271454 16.71837 1200.0 1.0 -26.18881694164652 68.75119196627995
529 24.372038 17.651767 1200.0 1.0 -26.19084540647824 69.61184148750885
530 25.28801 16.095204 1200.0 1.0 -26.19171825564422 68.38071775979803
531 25.309988 18.169919 1200.0 1.0 -26.192519997700728 82.84073781010952
532 24.598408 17.407418 1200.0 1.0 -26.19259946452415 69.64267483903645
533 24.155327 17.601371 1200.0 1.0 -26.194919082050276 69.44459808190622
534 24.527292 16.240871 1200.0 1.0 -26.199102499807722 67.29040533001897
535 25.197424 16.468624 1200.0 1.0 -26.200724833600617 69.6869183561556
536 24.528353 16.281933 1200.0 1.0 -26.202962802517924 67.99799115689527
537 24.817692 15.751941 1200.0 1.0 -26.205546330351943 66.54730347357125
538 24.420422 17.074243 1200.0 1.0 -26.212738296364854 68.35220119247872
539 24.627008 16.817347 1200.0 1.0 -26.217568531832573 68.02576683930108
540 25.46788 15.766482 1200.0 1.0 -26.219554657001673 67.3412718908905
541 25.060549 16.496838 1200.0 1.0 -26.223441630909335 67.83441981356889
542 25.65206 15.750513 1200.0 1.0 -26.22648195979354 69.2927315446648
543 24.317175 18.196062 1200.0 1.0 -26.226608601535077 72.18087602563143
544 24.441151 16.933704 1200.0 1.0 -26.232929710709136 68.34812447134694
545 25.237211 17.816436 1200.0 1.0 -26.234716421302913 82.83944535583689
546 24.84812 17.386942 1200.0 1.0 -26.236790614028052 73.3907748138883
547 24.319128 17.027727 1200.0 1.0 -26.24669801334111 68.81994263362142
548 25.746996 17.590704 1200.0 1.0 -26.248902070390706 85.94517996925096
549 25.885983 16.151814 1200.0 1.0 -26.251121252684868 75.62836552907622
550 24.025774 17.301229 1200.0 1.0 -26.25163167186006 69.26088866279805
551 24.978159 16.514752 1200.0 1.0 -26.253619309713145 67.83722939244838
552 24.500072 17.786918 1200.0 1.0 -26.258509403193997 70.77052773916218
553 24.748966 17.50726 1200.0 1.0 -26.262676151117745 73.40080710574732
554 24.17448 16.72118 1200.0 1.0 -26.26372939227315 68.75119196627995
555 25.016354 15.311282 1200.0 1.0 -26.26497256963429 65.75210693028043
556 25.033747 15.260418 1200.0 1.0 -26.268239759152742 65.7505209591259
557 25.303223 16.065886 1200.0 1.0 -26.274090111550983 68.38071775979803
558 24.126806 16.826204 1200.0 1.0 -26.27636729235705 68.75518086615095
559 24.66913 17.181712 1200.0 1.0 -26.27647401339293 68.81071421525942
560 24.524403 16.92091 1200.0 1.0 -26.276950974283636 68.3508422854348
561 22.924278 16.88614 1200.0 1.0 -26.2784376725714 88.97381646131961
562 27.452335 13.52918 1200.0 1.0 -26.281754314734115 75.53356570852887
563 25.298956 16.037593 1200.0 1.0 -26.28677783154742 68.38071775979803
564 23.717825 17.001442 1200.0 1.0 -26.29540353548726 75.12958347144284
565 24.568335 17.906799 1200.0 1.0 -26.295578514839654 70.54961794811965
566 25.079853 17.440633 1200.0 1.0 -26.30331176776459 73.3957909598178
567 23.943842 16.644299 1200.0 1.0 -26.304166552023972 69.58709233803997
568 23.957819 17.596847 1200.0 1.0 -26.307167722468762 69.44585617619292
569 24.650742 17.66472 1200.0 1.0 -26.31136806164946 70.7693973057585
570 25.893507 16.90018 1200.0 1.0 -26.31271164217779 78.76407464865385
571 25.386215 16.863196 1200.0 1.0 -26.312717097182876 71.26086011801105
572 24.992727 15.936783 1200.0 1.0 -26.315580607838427 66.20512890632197
573 26.27549 16.682886 1200.0 1.0 -26.315772990888398 82.97610802146794
574 23.605366 17.448339 1200.0 1.0 -26.321064003899878 72.25214588652157
575 23.208387 16.704172 1200.0 1.0 -26.32329977075868 84.6659826090528
576 25.465933 16.614997 1200.0 1.0 -26.334023934173878 72.47328453782602
577 24.510427 17.120736 1200.0 1.0 -26.336096034390998 68.81335101879841
578 23.498234 17.43241 1200.0 1.0 -26.34260672344258 72.2416733031302
579 25.714237 16.384973 1200.0 1.0 -26.34818499769868 72.1462102690188
580 24.253117 16.776696 1200.0 1.0 -26.349121697217214 68.75119196627995
581 23.760677 16.098425 1200.0 1.0 -26.3611084153292 74.16585456132158
582 26.684883 15.034576 1200.0 1.0 -26.368779763279882 75.55730182155607
583 24.847296 16.892958 1200.0 1.0 -26.369420981733647 68.84760657749483
584 25.529636 16.404774 1200.0 1.0 -26.374133690108813 72.14305752053637
585 26.026062 16.369823 1200.0 1.0 -26.375388321996923 82.97546593975349
586 25.64204 15.306997 1200.0 1.0 -26.380648110085296 66.18033230350994
587 26.480976 14.454609 1200.0 1.0 -26.383335979683714 69.43201583359094
588 27.039164 14.755266 1200.0 1.0 -26.388854428238414 79.13502012258736
589 26.583681 15.018346 1200.0 1.0 -26.38899002804756 75.31725912642864
590 24.19331 16.826998 1200.0 1.0 -26.389796393512754 68.75518086615095
591 24.267887 17.164291 1200.0 1.0 -26.39331287961464 68.82126085430293
592 23.410141 17.032132 1200.0 1.0 -26.39413831311714 75.12492845897974
593 26.321344 16.272172 1200.0 1.0 -26.396841044872513 86.35406741385209
594 25.053761 16.553585 1200.0 1.0 -26.401574421499603 67.83441981356889
595 24.257723 16.648648 1200.0 1.0 -26.410234243197905 68.75119196627995
596 25.60397 16.189767 1200.0 1.0 -26.423330476959272 72.15251576598362
597 23.847023 17.828267 1200.0 1.0 -26.42374772588255 69.78447309466968
598 25.207472 15.26721 1200.0 1.0 -26.432163677175787 64.98504177163255
599 25.969856 16.332171 1200.0 1.0 -26.43457083675286 72.1472611851796
600 25.365154 16.742204 1200.0 1.0 -26.434704808798458 71.25867668410879
601 24.332827 17.031482 1200.0 1.0 -26.436235120883012 68.81994263362142
602 23.300154 17.563696 1200.0 1.0 -26.441959285559307 72.2500513698433
603 23.634336 16.708395 1200.0 1.0 -26.44204125020618 73.6913625367108
604 25.903412 15.735687 1200.0 1.0 -26.44558221212049 69.83879582011012
605 27.163738 14.816061 1200.0 1.0 -26.44614434103002 89.57951077680723
606 24.562874 15.81037 1200.0 1.0 -26.447712276361855 67.37464809130473
607 26.446848 12.758838 1200.0 1.0 -26.448932205688223 59.110930741235535
608 23.797434 16.158926 1200.0 1.0 -26.450242305898385 74.17460968430169
609 24.85787 17.730435 1200.0 1.0 -26.4556069414029 73.39679418900371
610 25.146679 14.95075 1200.0 1.0 -26.456876310299535 65.06249180600695
611 23.926357 16.411116 1200.0 1.0 -26.459817741272936 71.26413489916723
612 26.154573 15.166735 1200.0 1.0 -26.46307628157637 69.62048325047876
613 25.740938 16.181862 1200.0 1.0 -26.468534918799207 72.15356668214443
614 23.30168 17.014593 1200.0 1.0 -26.470453833075467 75.13144547642808
615 25.356438 16.720862 1200.0 1.0 -26.47106877298404 71.25867668410879
616 25.230129 15.960925 1200.0 1.0 -26.47249145877698 67.03036040821135
617 25.355078 16.211593 1200.0 1.0 -26.47487893687603 68.38478689845846
618 24.199394 16.15983 1200.0 1.0 -26.4795524040617 69.19702072281329
619 24.161522 16.66895 1200.0 1.0 -26.481374754509012 69.58337173924845
620 24.883299 17.309355 1200.0 1.0 -26.483137570120142 69.7602009552729
621 23.100332 17.573347 1200.0 1.0 -26.483850870196 85.06423621278753
622 24.406473 16.377172 1200.0 1.0 -26.48584258900427 67.99938228643337
623 25.315145 16.442497 1200.0 1.0 -26.512330723147514 69.68937204419034
624 25.411444 16.346188 1200.0 1.0 -26.51380692245379 72.15671943062685
625 25.034128 16.21737 1200.0 1.0 -26.514222745310086 66.942708023014
626 24.380568 15.939988 1200.0 1.0 -26.51580955584201 68.18989200179904
627 24.225805 15.967117 1200.0 1.0 -26.52216613714257 69.7163382940294
628 24.011801 16.529688 1200.0 1.0 -26.526661634605176 71.26631796337229
629 26.159231 15.859759 1200.0 1.0 -26.52679520012334 75.63109434869008
630 24.451078 16.182077 1200.0 1.0 -26.528542829512304 67.29040533001897
631 23.156868 16.557282 1200.0 1.0 -26.533900317836036 84.65836067253707
632 25.744915 16.444148 1200.0 1.0 -26.534117022539625 72.15146484982282
633 24.987705 16.931363 1200.0 1.0 -26.536067376016206 68.98129200235743
634 25.57901 16.326806 1200.0 1.0 -26.54331038910621 72.15777034678766
635 23.958708 16.817801 1200.0 1.0 -26.547665399504147 70.51283014048796
636 25.184065 16.299092 1200.0 1.0 -26.548974289001578 68.09634222395086
637 23.547401 17.746268 1200.0 1.0 -26.549648281986983 72.24376781980848
638 25.370272 16.145377 1200.0 1.0 -26.549669282852882 68.38478689845846
639 25.029821 15.683871 1200.0 1.0 -26.552148880495075 66.03713450437945
640 25.329809 16.365759 1200.0 1.0 -26.55815053704338 69.68937204419034
641 23.725723 16.875966 1200.0 1.0 -26.56913366256539 75.12120444900926
642 25.37606 15.821077 1200.0 1.0 -26.569831886929585 67.10434097096535
643 25.32077 16.566332 1200.0 1.0 -26.569996444289963 69.68814520017297
644 24.453386 15.885417 1200.0 1.0 -26.57388906389037 67.3717472805685
645 25.589403 16.020204 1200.0 1.0 -26.57480703879709 68.80016389278778
646 24.669024 14.928799 1200.0 1.0 -26.580045296491974 69.18549645440028
647 23.051771 17.696776 1200.0 1.0 -26.580916976971864 85.05964608750367
648 23.857567 17.527942 1200.0 1.0 -26.58101067113983 69.78326185816772
649 26.375681 16.289219 1200.0 1.0 -26.58285718338556 86.35406741385209
650 24.916185 16.605172 1200.0 1.0 -26.584739240520783 67.83722939244838
651 25.18071 16.222117 1200.0 1.0 -26.588143665080622 68.09772323960108
652 23.365313 16.772687 1200.0 1.0 -26.590643617809278 84.6665689118617
653 24.866512 16.578632 1200.0 1.0 -26.594531078533116 67.8456560041231
654 24.440664 16.156608 1200.0 1.0 -26.59913945751181 68.19126112505633
655 25.083023 16.644156 1200.0 1.0 -26.599727672829463 69.38659691223982
656 24.023146 16.692632 1200.0 1.0 -26.604654023603125 69.58709233803997
657 23.796585 17.11968 1200.0 1.0 -26.60676084583463 69.93235620723371
658 24.295593 16.96191 1200.0 1.0 -26.61113160256088 68.34948337839086
659 26.075575 15.224767 1200.0 1.0 -26.611251576483824 69.0138105386824
660 24.943489 16.112433 1200.0 1.0 -26.61136975402735 66.94419640677782
661 25.074505 16.089219 1200.0 1.0 -26.624143986878174 67.02591180108388
662 24.508287 16.775839 1200.0 1.0 -26.630941512839392 68.02854159737623
663 24.228827 16.190021 1200.0 1.0 -26.63247500513304 69.19702072281329
664 24.772184 15.991521 1200.0 1.0 -26.6329406842289 66.6684551741614
665 23.904465 16.934029 1200.0 1.0 -26.635707919845814 70.51052710153152
666 23.786125 16.931609 1200.0 1.0 -26.642527224453872 75.13051447393546
667 25.253643 15.947379 1200.0 1.0 -26.643125233882778 67.10728956901934
668 25.769489 15.28637 1200.0 1.0 -26.644948866071672 66.17723150727608
669 24.577843 16.541894 1200.0 1.0 -26.65583890732077 67.50448411681536
670 24.378592 16.111672 1200.0 1.0 -26.659964301735045 68.19126112505633
671 25.851744 16.361878 1200.0 1.0 -26.665867822508453 72.14410843669718
672 23.962158 16.615394 1200.0 1.0 -26.673156805042566 69.58709233803997
673 25.410608 16.302132 1200.0 1.0 -26.67333454124745 72.15671943062685
674 24.623257 15.63741 1200.0 1.0 -26.673436371149975 67.72565836771369
675 22.940054 16.654307 1200.0 1.0 -26.676344658295072 84.664810003435
676 24.272137 16.876664 1200.0 1.0 -26.678215572345877 68.75385123286063
677 24.50576 16.55314 1200.0 1.0 -26.680220289335402 67.50591821507297
678 24.137087 16.866712 1200.0 1.0 -26.68078779645517 69.33592981602479
679 26.266962 14.74856 1200.0 1.0 -26.68822983177543 67.86809374996976
680 23.412832 17.010148 1200.0 1.0 -26.689051668189993 75.12492845897974
681 24.853071 16.301593 1200.0 1.0 -26.690230747155603 67.17638754182309
682 26.529381 16.2021 1200.0 1.0 -26.69762079145014 86.35249038691487
683 23.803934 18.048323 1200.0 1.0 -26.70680114963615 70.00734434424646
684 25.809063 16.314132 1200.0 1.0 -26.71167723796358 72.15461759830524
685 26.181715 16.382275 1200.0 1.0 -26.71559141282603 86.35564444078933
686 23.976517 16.759585 1200.0 1.0 -26.718066943336773 70.51283014048796
687 23.704454 16.686505 1200.0 1.0 -26.718479424913014 73.6943391299419
688 24.263885 15.675052 1200.0 1.0 -26.71985799066536 70.57826896018024
689 24.669321 16.030521 1200.0 1.0 -26.731324551799766 66.66694649811615
690 25.190933 16.909513 1200.0 1.0 -26.73725306942655 70.68206108343158
691 23.282484 16.725815 1200.0 1.0 -26.73993744932217 84.6659826090528
692 27.932734 13.837369 1200.0 1.0 -26.74148026919464 87.55976006571727
693 24.089891 16.804156 1200.0 1.0 -26.74229888289429 68.75518086615095
694 25.842512 15.373218 1200.0 1.0 -26.742420033726958 68.37936138024456
695 24.402824 17.011712 1200.0 1.0 -26.744537292302844 68.35220119247872
696 25.707418 16.889315 1200.0 1.0 -26.744624740407076 78.76639416736475
697 23.284748 16.986093 1200.0 1.0 -26.747544394145486 75.13144547642808
698 23.632145 17.045403 1200.0 1.0 -26.74818487381726 75.1230664539945
699 23.26627 16.557172 1200.0 1.0 -26.7505891075363 84.65836067253707
700 24.824116 17.273363 1200.0 1.0 -26.75335183359521 69.7602009552729
701 25.215368 15.556172 1200.0 1.0 -26.755736405375686 65.87234851829938
702 24.497032 14.378743 1200.0 1.0 -26.75808956819786 73.23358595778993
703 23.963696 18.093593 1200.0 1.0 -26.75977250193568 70.00615593145689
704 23.351711 18.681666 1200.0 1.0 -26.76024435978408 74.31048838445916
705 24.222897 16.248616 1200.0 1.0 -26.763686470490363 69.19446018452405
706 24.456438 16.650792 1200.0 1.0 -26.768616839467235 68.01744251075121
707 23.186985 17.049569 1200.0 1.0 -26.770529570125234 79.51509429420285
708 25.596544 15.394204 1200.0 1.0 -26.77228679238143 65.95723873066099
709 24.743933 17.477919 1200.0 1.0 -26.773896208905903 73.40080710574732
710 24.851267 16.251633 1200.0 1.0 -26.773998705225644 67.17785559833362
711 23.41918 17.579402 1200.0 1.0 -26.77628255668745 72.25424040319986
712 24.09885 18.096562 1200.0 1.0 -26.776792731576034 70.2965280733413
713 25.229803 16.900228 1200.0 1.0 -26.77987255794544 70.68092318950163
714 24.706266 15.750768 1200.0 1.0 -26.780250316070187 66.54882547950331
715 24.835833 16.293783 1200.0 1.0 -26.78376513949594 67.17638754182309
716 23.457542 17.849657 1200.0 1.0 -26.786417238075465 76.2407928592751
717 24.281435 16.764593 1200.0 1.0 -26.786456769249213 68.75119196627995
718 23.854916 16.141227 1200.0 1.0 -26.788271493037577 74.17460968430169
719 24.312525 16.167299 1200.0 1.0 -26.788346076580908 69.19574045366868
720 23.41861 16.720894 1200.0 1.0 -26.793667970087903 84.6665689118617
721 23.568439 17.450013 1200.0 1.0 -26.794669637881725 72.24795685316504
722 23.924322 17.040164 1200.0 1.0 -26.8020881183475 69.92877845797499
723 22.622931 18.373117 1200.0 1.0 -26.812110154864342 85.67650125937224
724 23.111721 17.29222 1200.0 1.0 -26.815204689555678 79.50764666856587
725 24.89654 16.148679 1200.0 1.0 -26.81858338670029 66.94717317430545
726 24.9352 13.143775 1200.0 1.0 -26.82592629370894 73.35765227212548
727 25.242268 16.295918 1200.0 1.0 -26.8306440385237 68.09634222395086
728 23.261869 16.980855 1200.0 1.0 -26.832594375168377 75.13144547642808
729 24.366873 15.934696 1200.0 1.0 -26.832822577499336 68.18989200179904
730 23.294085 17.962815 1200.0 1.0 -26.833677113274696 76.23463456257016
731 24.369287 17.218435 1200.0 1.0 -26.834986447842276 68.94606943387474
732 24.829002 17.038371 1200.0 1.0 -26.842569776825698 68.84628970898062
733 24.024885 17.232585 1200.0 1.0 -26.847273175122453 69.26088866279805
734 24.458158 16.165893 1200.0 1.0 -26.850495814398514 67.29040533001897
